id,ret
0013EDC2-8D7A-4A41-AEB5-D3BB592306D2,1
0030CBD1-2472-42C4-8CE4-E01A4E8E2F09,1
0036DF08-EEEC-467C-8CF1-5A54E0B13CE8,1
003D2553-266F-47E3-A420-F5B8F95217A7,0
0072E2C1-C395-409B-8078-365DD5C0513E,0
00C1E256-E3F7-431D-BCB6-DD1EF09E7DFE,0
00C79BB9-C2BC-4BF2-A8E6-5C3866DCBF3D,0
00CAD9C8-D90B-43C4-9964-79CAE6493DA7,1
00D5ADEF-A62D-4DF3-A9C0-31000C826023,0
00D6C763-CCE3-4D48-A165-324A36285DAB,0
00E8B6E7-9E4C-4FA9-B9C2-A9466667ACAC,1
00F9FF74-1D6D-4BF9-BB02-5C33DDADBE13,0
00FD9E8C-F811-477E-B42A-B6B44100CD5C,1
0113A22C-CDC6-48F9-ADC2-F2D38EA5FC90,1
0116B20D-36FA-4364-93C2-79DCCA2AB177,0
01347C43-CBFB-4EBB-99A3-CEA6332E7535,1
0152C839-EB23-41A3-9AA6-8847E54C937C,0
01665898-4C2C-4201-B889-D303ACC8D045,0
016FC8F3-D808-4AFC-85F2-3DF314B65B78,0
01922428-C7A9-45D1-922A-164C1394C970,1
019C6DF4-30C1-4EBB-9904-713BBDA77F0D,0
01A0F362-15F9-4344-9AB9-B961A0FC4336,0
01C2E827-0665-4C99-976D-757E5B9D0F3C,0
01D03196-A1C9-4EA8-A729-8896EF4DB348,0
01F14201-7DC3-4F27-9F93-950E17B700B9,0
02038AEF-061B-43B1-A6CE-F236F9BB54EA,0
02400A3A-B9CC-42DA-92FF-98D3780A61F6,1
0245345F-733A-4BE8-887B-BBE122DBECCC,0
02459974-2670-4928-9FBD-99C658E85F19,0
02647665-2213-4E4F-AA33-2E4B91BA270A,0
0273E2EA-FD32-4194-B126-153D7EB6F217,1
0279B667-5ACE-4676-9406-20CD127FB939,0
02851F30-0EE0-43F6-9DFF-EA26E2E4C047,0
02874BE5-E3CF-4D89-9ABA-439B734EAFBF,1
02A6B569-ADAA-41A1-A60E-78BB678AF342,0
02B8102B-B9D4-4A3F-9D75-68645E3BADB8,0
02C40837-11A8-4405-BE7D-5077D78CDE92,1
02C42C51-DADF-493B-8E00-8E8BDD7A86BC,1
02D9AEFA-7A69-402B-B36F-C6D3058ECCE8,0
02F1C63B-E1EE-41B8-ABFA-764D028F207A,0
02F4C43E-F492-4C64-9F48-DF9CC80A853E,0
03026CF1-14EF-4869-993A-954E9178BBB3,0
032375B8-5D6F-4760-B052-21CB1A76F648,0
03D73D44-F9F4-4285-9551-A43CC2EC09DD,0
03E3542D-C175-4751-A8E3-EBEFD6B51C0E,0
03F54C82-B553-4B1D-A541-5A212E8BF6F1,0
03F7F871-AE4C-4DB9-9CF6-DC421B78E745,1
03FE1687-AF38-46FD-93D2-973A29D2D703,0
0424C1D5-F604-45EA-8A85-BED821C85C85,1
042B2E67-3B48-4743-9D6B-EC2AE694F6B0,0
04384134-0348-4267-93FA-D87CB3F26E0D,1
043E823E-EF81-49E2-A3D9-6A2E0568AB2B,1
04545A7F-8111-4B26-BE33-B2ABA0ACF36B,0
0467CA88-C525-4234-B868-F4D4C5CEEA26,0
046A518C-9C0D-49E9-9D2F-9993E0A5F4CB,0
048650E3-E30D-4424-8A33-DF11D02F2414,0
0496554B-35F6-4F89-9938-C85B86356740,1
04AF24F8-A948-495E-924F-4DB9330DA06C,1
04DD3A92-4879-4703-B0ED-D6A7F3C33E42,1
04F305E9-E2CC-4B46-BBE2-32BBF8262645,0
04F68DB9-B17B-424D-911B-A773F30C80FA,0
0524B0F4-9B93-42D8-BD0A-5224042DE0BC,0
0534E2A0-EC46-4BF6-B71C-7A31E8AA1CAE,1
053DD82E-D2B9-4EEF-82B0-0A7A09F59D43,0
056D51F7-4E43-4F3F-B295-35A13F9FED35,1
056E81A5-84B2-47BA-99EB-581A730B37E0,1
0585238D-BF51-4517-B82B-A50F8D44523C,0
05920D97-5C98-4D64-8906-D77944F132C3,0
0595CF67-3F6D-47F3-A759-78A42DFA16D4,0
059EE23C-42F8-4F96-99C0-A9A9E68156C2,1
05B485EB-71C1-44E8-84AF-E13F0AB4AE59,0
05B538DF-9A20-4AC3-BFDB-03954C81B03F,1
05B8C97B-E90C-4CB6-8168-ABDA66D79300,1
05C016E3-7898-406C-AE59-8381BD10FDA2,0
05C787E3-F7CF-4587-A74A-0E6B871FF338,1
05CFAA8E-1EDC-4406-915F-44F627943695,0
061CA2FF-D2D9-4376-8A71-980248118394,1
06228851-AE95-4149-AFC0-55A0F9B4B3EF,0
06291E8C-D40A-45C7-98D5-58D0F48E9187,0
063E1078-6EDF-4BB9-A2DC-97E3681F4030,1
065395B4-5EBD-4474-B3AC-CD606B057506,0
0653BE9D-0DF8-493E-93C1-01E5DCC6B875,1
066C7024-79BF-4592-B1C0-664B10BD7228,1
067EE4FE-F16C-459A-8BE6-F62DB2BDEB1E,0
0699681F-9884-4554-BB47-BB77EC02A075,0
06A1D321-6257-4922-88B6-06D429432EC1,1
06A440D0-51AC-41AE-B249-63636D83BEE7,0
06F8D8B9-810E-45AC-8E00-652C8B1A8D33,0
06FF127C-70E6-43C0-9734-24A121BE237C,1
070734FC-861D-4CF6-B0EE-72B7AE57862F,0
070D59B5-2F88-4AC0-BF73-915D84C5BACD,1
07377477-14F5-4D1D-B9C0-592EEE8C7819,0
0739893A-C205-415F-84FF-F88589B7AAB9,0
074F6A67-1C12-47C4-B938-34201235BE3F,0
07604F8D-2593-4684-9926-F859719D895F,0
0763B259-2FE6-48BF-BC66-87B1F61350FA,1
07834FC9-4539-4983-8E29-06C2C37D8411,0
0786F6B1-45BA-4FF2-B4EA-1B42243B6034,0
07CFE0E4-03AE-435A-BCD4-9D48D3192BED,0
07D0D03B-C61C-44F7-BEDC-4F3C2DF1C27C,1
07E2E90E-7EDF-4291-939A-D6ACF04F6A0A,0
07E422D9-6DDB-45AC-9403-03D6BD51ED64,1
07ECAB1F-8D98-42BC-B507-05CB2C06D0B4,1
0819DAED-CB22-4E94-A3AC-96B4458FC64D,0
083599C5-F958-4463-8B41-F8BC6E020FD5,0
084D33B3-B466-4E14-91B6-68BEE6E7C7E0,1
085BE2D2-B14F-4B3D-8B73-395C39D4673D,1
086A16D0-BE13-48C8-BC60-6DD905FB43C3,0
08B4A274-3610-43DA-AE23-A79F29F35D33,0
08C1E3D8-1596-4229-88B3-5F1F11DE1550,0
08C2542E-59D1-43FB-B9B1-1773BEEC17D3,1
091F6F40-68EA-4276-A306-C08950D31369,0
09242D5E-6A46-4B45-B4F8-7B5308998B74,0
092E0297-A32D-4AE0-AE65-07E7FF1C71CE,1
092ED6A2-2C26-4F8F-915D-73E7ED623F0F,0
094187E2-045F-4652-9E08-2BB73716710B,0
0951B595-63D2-49E4-845D-18B724C853D0,1
097369CA-1E0A-4113-9FB9-9D31EB9540E4,0
099F1938-FEA1-46B3-91A9-04BE8A0FCE68,1
09B54F79-E291-4A11-8410-F937D268E570,1
09DBB06A-F364-4AD3-8229-8667B81DD157,1
09FE0552-02C4-47E2-B05F-F84ED7614A5B,0
0A1525D9-78B4-41E7-901C-878DB83507E7,1
0A2E9075-5C56-4E0D-AA2F-383002345D7C,1
0A32F519-1C2F-447B-929A-30FA120F7943,0
0A3885FD-5CEC-44D9-9AD1-CBC2ECCE51F9,0
0A419AF1-C9C6-4EDA-8310-BE9FD296A53C,1
0A56AD98-32F9-42AB-BC59-AE14DA5DD3BB,0
0A5D6760-1730-48DB-A988-FCE0FF1D6C43,0
0A72ABC0-A3F6-4239-982B-33DB5A4B24BB,0
0AA3562A-0D3B-4B17-97EA-E129CC09EDA3,0
0AADE9F9-BAB0-4712-AAEB-16FFDC61C4A8,1
0AE73B37-CB4E-4131-9ABF-FD11CCF7582E,0
0AF1FAC8-2AD5-4CEC-9F3A-C737C7B82318,0
0B055F4C-6F1D-42E1-815C-7AD4E45DB9AB,0
0B1784C7-9AB3-4BD8-A8B2-1C7C0B7F5078,0
0B23BECA-AE15-4D73-B8DD-EFCE1E8D5835,0
0B5FB112-94B5-47D3-BABE-F1F94B8D0B59,1
0B6EEA01-8609-4E39-A39A-A264A1C363A7,0
0BBCB2E2-0D17-4ED7-865A-1182CE1C2F33,1
0BD78AED-CFE4-4F1F-9233-67F35D24C5F0,1
0BD86BD6-8BDB-4B5D-8D77-0714B8658169,1
0BD8A5BF-2AFA-4B6A-9CCF-A6B4AF07AF47,0
0BDD928F-3026-4178-AB45-175AAEF7E14A,0
0C080ED6-1B51-44CE-BD90-B1A299440E7E,0
0C0A414E-DC42-4781-9679-56CA9D2972B7,0
0C4A43F0-5570-497E-8713-3C92B7D39CF1,0
0C5C567C-5857-4B60-83A4-334D63F92E6B,0
0C73113E-68B9-4D92-B107-4AC4CAD6F8C4,1
0CA53D97-9D6F-4BDA-B78B-9C6569D8AC55,0
0CB716D5-39C6-4B4F-B437-BFA262CC2D77,1
0CD59D9B-3A03-4461-B47F-A698ACB188F5,1
0CE4A7EA-5C23-45A2-BAD4-63DD122615B1,1
0CF3AD6D-3974-4792-B63B-74A8A02D25B5,0
0D07A92F-B059-4825-B2D8-F5AF023CAE10,1
0D27B433-FDFB-4617-979A-A91AE49D51AC,0
0D2B843F-45BC-433A-A209-E587DB84C110,0
0D2B9440-12F6-4C96-8483-382ABBC651DB,0
0D4A2A5C-3CAF-4301-A421-6846273A246D,1
0D5FD51B-16D7-4708-B892-A0FFD194DA74,0
0D6B0B96-3557-45A6-9BAE-3DBAFD826740,0
0D71C037-092A-4DE5-8844-29D8F68F4730,0
0D92C9E9-32F8-4387-9E61-BEF0232D9798,0
0DAF903F-2658-4C59-9D86-40B27409F46C,0
0DBE5082-0350-476E-B193-6A38124A4794,0
0DCE42E4-7A8E-4D8C-A92C-FA7316012354,0
0DF102D3-B27B-43F5-B10E-8923733F57C7,0
0DFE84A5-51C8-4BB2-80C3-8BAAD1DEBD3A,0
0E22CD53-26C2-4DCF-8A63-A047CCE6F493,0
0E2B47C9-37F7-4230-B3B3-A8570F49F9A1,1
0E30C65A-5210-47B0-8D30-BDDDE34566CE,0
0E3EF298-B0B9-4B47-A8E6-3449C7B5C022,1
0E464F60-1F0C-4C1B-BB8F-147DA8440AF6,1
0E53164A-F74B-490F-8679-FAF626A89341,0
0E7095DF-24F5-452B-948A-CB6B76A64270,0
0E89D88C-E1FE-4006-9B01-8F94E2FE94DC,1
0E93EAE2-F4D0-4B50-91C3-709FFD7FEB72,0
0EA9DC28-0F1B-4B82-BD2B-3404DC7F1D92,0
0EAC1327-6C46-4A37-BAC0-49D8D1825BA0,1
0EDB00DA-8031-4A7F-9C28-553ACD32AB8F,0
0EDC781A-1A7F-4A5C-95A5-1EA645A778BE,0
0EE9AA1F-7C07-4753-83D2-3BF557237C7A,0
0EF28915-03D8-406C-B935-7DE32092451D,1
0F063FA5-33E0-408B-8305-465336BEE219,1
0F085246-3E11-497C-8E7E-3B4A54CA5BE7,0
0F2FBA14-A7F4-4696-AB1F-C48878B57D7A,1
0F56EF94-C35B-4451-9366-201F27372986,0
0F6666FA-CD4D-42E2-974A-819B62E8EE73,1
0F7597AD-18B9-46A0-B74F-AF42CE3E1D08,1
0F783D22-2F49-460D-A4B2-C7B13B06FC2F,0
0F9A02F2-0454-4BA8-A7BD-034381978187,0
0F9B2A13-711C-47ED-ADC7-75E262E85954,1
0FA28487-9A4E-463A-AB02-DED4B7AC82D6,0
0FB4D294-F4B5-4A44-AA03-7AD25E46A8D7,0
0FC0B3D1-0C4B-438D-994B-D1716BD750C1,1
0FCA9493-3D4F-4E8B-A6AA-8884A8854D2B,1
0FCFAD29-5AB1-4774-897B-3312B2E94012,1
0FD72868-AA62-4555-A63D-D7FB6151AECF,0
0FD794CA-C424-448C-9549-60530395D17A,0
0FD81907-F973-4CD2-B028-9F1CD72D5227,0
0FD97DA4-6757-4E43-8448-1383BB033F6B,0
0FF3F3FE-B214-49B7-908E-A3E36E2FD529,1
10159367-5CFC-4071-A8A8-DE5961B7F95B,1
1016DDDD-4229-4BFE-9B2F-702E15CBD013,0
10439E54-1E44-426B-A7D2-5DAC090BC760,1
104595CE-91CB-4235-8CE7-2C7B0784ACE5,1
1048CA0E-607D-4042-8B10-97AA7EBB3C65,1
104982A0-3C22-4DED-BF75-4634AB54C333,1
1053B6D5-7A43-4DB5-A7E8-593BCDF7DC4C,0
1056C412-7A34-48B3-B811-222B507BDC00,1
10629AA4-899C-45B7-8C3E-E338B3F5DB80,0
108236B2-CE0E-4E85-9EF8-ECED26720269,0
1095F34B-A300-4B88-BD78-5D4E20F7907F,0
10A4BD76-F72D-4F27-923B-544622D03546,0
10AB497C-E030-4D48-A7EA-9D07477F0C98,0
10ABCE46-7E92-4F0C-8652-DFEEB29E6C50,0
10B2AD51-F077-4B98-9F64-24E4CB432A66,0
10B8AFD4-24E1-41C7-BDF4-B7DB3C6113B3,1
10B9CE9A-41C5-4E6A-8F8F-4B09A040C85D,0
10EA733B-D08A-45BF-94E6-F63E4256768D,1
11107909-8A96-4CD7-A93D-4D13F55CBF10,0
1119C0CE-8528-42ED-A3CF-3FF0A5E6ADD5,1
112290A7-DF86-4739-9218-72DD22D92DE7,0
11302299-9C91-4D79-A446-28E17D0CAEDF,1
113AC419-BD7D-45D9-8D02-CAD4C87EA299,0
115C6929-D7A4-4EE6-BD33-28D1186A2953,0
11975473-EE50-46B9-BB79-967EA14BE90E,1
11A56A22-FF7D-4FE2-A7C5-39D5522AB6A4,0
11A5A577-23BF-4975-A225-B939B45A64AC,0
11B111C1-25DD-4E92-B41B-3DA94148F370,1
11CDC29B-4145-4821-9450-D4B3A488093A,0
11DAA438-15D4-43D6-AB2A-3001DA129DF4,0
11E457A2-4969-44AD-922F-BC7C44AF0CBA,1
11EDD584-997C-4645-AA21-2614D92539B1,0
1206A42B-152E-425F-AF30-8504DD37DE3B,0
120BD373-3614-4CFE-897C-1FC1E5306CDD,0
1219A946-4481-4C7B-9CEF-31BC14A91972,1
12227BF4-2535-4319-B09F-03739D7E0728,0
124463DE-7413-4730-8BD5-3F4A28837356,0
1272FC84-210A-447F-8E95-F6B0BE7A680C,0
12754AAD-9E15-4B3E-A617-17BA7E7B2E5F,1
1283AA37-DFE4-43A6-BD18-9774632F29EE,0
12A00A0B-C0D4-4A34-9F9D-E4E1A7BB968E,0
12A377E8-51A7-4D2C-9BA2-D7E1F10DAA78,0
12AC387D-97F3-4F13-A183-71B5AB96D001,0
12BC199B-0DE5-4A1E-8595-E08C61F8753F,0
12C645B3-D913-469E-A4A8-93AB0FD2BB55,0
12D1CF0D-F792-4F38-8B75-42028D936038,1
12E72EC2-F122-49AD-A684-E4670A334679,1
12FE327B-2956-464C-B6D9-0CE0F3EB36FB,1
130C9EB3-537D-4B6C-BC31-8608E5C54360,0
13184616-ACD2-41F6-BB4B-6567DCB9F0ED,0
133547FC-42E6-42D5-A78F-E7F9A107A3D6,1
13512E0A-D8A5-4651-A6D3-1F6BF920C79F,0
1371D65A-0599-4077-964B-6A5B6142EE67,1
137EA919-6589-49FF-88EB-4291F1FC696A,0
13951C2A-27B0-42CB-AD6E-A4A4C112F45C,0
139ECF61-CBCA-4AAB-93A8-AD84BFA8A75A,1
13D4D588-CFEC-4B22-870E-7CD8ABC1F9F1,1
13D54B8C-DB6A-4DD0-AF37-0F6EA14BF8CC,1
13E55DF8-BF08-43A0-BD55-465AB699849B,0
13EBE29A-8FAC-4B2B-B4DA-FECAA58C91BD,0
13FC6B1A-708C-4003-946B-C5E1CEFBF064,0
14062393-8FEC-4337-A092-86E192A45CC9,0
1419DA5A-51BA-4272-8EE2-2836EF3799C1,0
14253148-9911-478A-A766-656601B6C838,0
142D21B0-FAD3-4E69-BDBD-318333A63739,1
1440FA41-31EA-4B69-82DD-CF87342CDBDB,1
1456B880-62D5-4600-8D3B-78F13B6F755E,1
145E21D4-F28E-4BBA-B32C-F104A40B6857,1
14C87877-70AA-4A19-93A0-655E1C4CF45C,0
14DAB4D3-FD2F-45C4-8736-C9D09EB2D77A,0
14DD849B-B69D-4A31-B074-31EF72E91CFD,1
14EB882B-BD48-416E-8A36-FDB01FB81C92,0
14FD5012-9922-4846-B35A-72051C521CBF,0
150DEB93-3956-4CA6-B158-91D69AD92453,0
1517AB3E-B34F-4CD6-8A7A-EACCC937A5C9,0
15201C3F-C094-4125-9347-4B5DAD3C8348,0
15211B30-5653-4BD2-96FE-7F2316E789D3,1
155067DD-5DE8-46D2-899E-A33C0E09786D,1
158F2B65-8FC2-4086-9368-7D661B4EFAD9,0
15940D71-6B37-491E-A3AA-271D9C52DC8D,1
15AF5A48-F575-41F2-A40A-F6786FF9AF6D,0
15ED3BC0-A6BE-4467-83A9-0DB24A6DA010,0
15F4960B-453B-4C0E-BEC2-0551F58FF63D,0
160E63D9-F951-4CCE-96D0-8B44FCDF0586,0
160FCA74-5561-4F64-B60A-26ECF994657F,1
16578B3A-1B23-4650-9106-849227FFA88F,0
16680E5F-4055-412F-A191-7648616595E0,1
169B8736-9C6D-4379-8879-E94291DD6420,0
16A84686-1D70-415C-A14C-42FFE6677447,0
16A9B0E5-4F0E-467E-8A1C-90F7CFF9D0F1,1
16B6AB43-FB0D-4100-980F-54F1143B8204,0
16BB5A1E-F6BB-44EA-B44C-49EE0C209C32,0
16D47305-BFAB-4BB8-85B8-F7CB20D80325,0
16D7D4DA-C0FF-472F-B2DB-0FB841467D1E,0
16DD5AF7-B51C-4DBB-BBCC-FA305B733D97,1
16F4FEF0-332E-4E61-8089-3CF87A7495D9,1
1711B4B7-4455-444B-912A-D0495D6BFD64,1
17163C33-51BB-4DD4-B862-099750C42164,0
17190897-2AAB-490A-A453-D2992D3A7C81,0
17269B03-431C-4F7C-8B74-667E0103586D,1
1741F6C2-F64D-4F9D-8325-6A4BAC7A16D2,0
17584C76-1F09-4E05-99E9-4CB2D7DD726F,1
1763B0C1-0A44-472A-AD7B-CE4EAAE39E9A,1
1765DC2C-4D89-44AE-BA0E-EC748ABC4DFA,0
1799C847-16AF-42F3-9D71-1783810B576C,1
179A8AD8-D843-4E16-8753-4A153FF60455,1
17A15F00-6E15-45BE-AC52-1D5B97A3BB94,0
17B6CD58-659A-4998-8957-B6112E71C2BE,0
17B776B3-AC04-405F-8BDC-FE66EEBFA43F,0
17BF4EF0-6942-44C6-8056-F48455B3FE14,1
17C62855-6ACC-4232-B7D4-A10EAA07F63F,0
17CDA3B8-DD5D-4F8B-83EB-D6B8A50B489A,1
17D6EACE-802E-4098-8573-94C32B560B07,0
17E924CE-B0F8-472F-B7FF-DADEA76868EC,0
17FAF1E4-20C4-4871-84C3-33BB21232C5F,1
1832472F-3312-411A-8448-9400BC953A76,1
1840F616-8794-4145-B064-1790E09FD37A,0
185687FF-1677-4F5F-8889-00C32DE6C292,0
18572760-1F65-4F20-8AC9-108420BE2B91,1
1881BF61-C2D2-4CDB-85A6-908D7FB9D190,1
18C31781-9068-4596-8FD8-CA620677AC22,0
18C57183-2F30-4565-9EE8-F9C99B9994EC,1
18E153D8-7296-45DD-9708-7FE0BFDE06D6,1
18FEAB83-6191-4632-AEDD-E0C493F8126C,0
190051EF-71BD-4008-B1E7-C4D41C7C4C87,1
19064646-B537-4FEA-B25F-960E02F0167F,0
19104ED2-C38A-4419-B018-326ACBA99B7F,0
19111CB3-2E7B-4EE2-82AE-88F428D88D11,1
191D4C5B-6D7F-4476-94ED-10459D964701,0
192A5C83-DC8A-44D0-A3A1-F2A20750B9EB,0
192F107A-F23A-485B-8E4B-CC8F57C3D83C,1
193A6B5D-AD36-4C9D-8536-CD208953D911,0
193D441E-529B-415F-8A68-4C0B5668E4B5,0
193FDCE9-8DEF-4B07-83E0-7F291F9F7557,0
1945B130-1529-4C85-8908-3278647A5CF8,0
194F2FC1-FCD7-4FBC-947B-26A2E9A7D3E3,0
19533FE9-5EA8-487A-B720-AB2A95D2A150,0
1954A7FD-46D5-4809-B485-67DB94EDF174,0
19610E8B-8B6D-4B9F-BD3C-DA2553BA4C52,0
19A8B647-DE42-4B4E-AE0D-EE8CE64C33D9,1
19AB6CD5-FB02-490F-A0A8-5BCDBC0C5447,0
19C5160F-0FC0-43D1-8B1F-50A89BDC8F17,0
19C5E128-6E1D-4E74-8B92-40926D2F1A49,0
19CB5AAE-FF9E-4751-8EDE-A9477230B404,1
19F24E55-1685-492B-869F-406FF7B5373D,0
1A03A3DA-BCD0-45A5-BF0A-172B560264DD,1
1A253DA4-0939-44D8-930E-7DBFFC5D63D0,1
1A258CFE-1D17-47B0-A354-2A4CC61ADB2F,0
1A263C66-FC56-46B1-A081-37C3979DFCC3,0
1A2BAD95-EA45-4B98-B6FF-EB3BC07FACB3,0
1A6A4477-80E0-41D3-9FC8-0C5EB7EB4696,1
1A6ED340-4EF5-4A22-8753-9AF2C52A214C,0
1A782D80-117B-4A78-954A-32AE1B23F072,0
1A83979E-0603-40BA-B6F3-7BB15F3A7F2C,0
1A8E25ED-0123-4A7E-9183-070B6D3BD611,0
1A9996BE-012F-4954-8EA9-F2E061D07D6B,1
1AC05EA5-087F-461D-92FE-246A9C83815A,1
1ACC7AD6-55AE-44AA-833A-5A2CC8E92D81,0
1ADD4BEC-ADBF-4C55-8D28-D363EAA73548,0
1AF43A8B-EE90-4EC2-BE1C-A852AF7FE6D1,0
1AF99412-18B6-41FB-9BCA-1D35F4F456EA,0
1AFCAD69-0519-4FA8-AB5C-03C2130D8070,0
1B1599FC-1AFA-4955-ADB1-2CA0374ED0F5,0
1B1FBB9A-7918-415C-8012-0F91B7F5319B,0
1B2D5AA6-7180-47A9-B540-0D7736B7D894,0
1B529904-E9AA-4267-A517-7D2D7A4BCC70,0
1B7AD94F-9284-441E-9308-CC47F15CA0D6,0
1B9020C8-A72B-47EF-B5F1-35A8C733F881,0
1BA0A260-C028-410C-8A62-458CFD80884C,0
1BA6BA67-5676-43E4-ABA5-391BA9D4B120,0
1BB2B349-6B06-4964-A761-00A0B4E61CA2,1
1BB337B4-EE5C-42D9-BE1F-E1B99E971AEE,0
1BBBEF4E-8B51-49C6-BDF3-50C53407A4C3,0
1BE40A99-32F7-4C9E-BEE5-63967DFB2947,0
1BF84C5F-17C2-432D-8E1D-75F0EAFF2604,0
1C0214D9-4C1E-4D6A-B629-1F84AF79E2D1,0
1C1ADAE0-D6A9-4560-A353-C0095D1642B5,0
1C42457A-CEE0-4356-A471-834720D09B44,0
1C514FA5-3C46-4938-A047-E09020A2E563,1
1C65E2FC-DB7D-485A-8945-C73A54111A7F,0
1C66A7A8-BC23-419E-8243-1B5BCD364789,0
1C879816-B4E3-40E2-B56A-528BCA502DC1,0
1C892007-85FE-457B-B232-357603FE5D5F,0
1CB15B44-C837-4F3D-ABC8-71A378C44C8F,1
1CB3C4FB-A532-4480-949F-E874127567D5,1
1CD77762-41E1-4CBF-B74B-59EDA7881991,1
1CF2E7C1-FE0D-4469-A621-45B92FD66FEB,1
1CF9C732-7AD2-4CA2-8363-6F92215FCEBA,1
1D0D2444-44A6-4D15-A874-6BC5F26EEC6F,0
1D2472DF-D986-4AD5-B0F7-1839059FE6AB,1
1D263BDD-F3D1-44A5-9C78-553B1250F5AF,1
1D28F0EE-8946-4156-93FF-F6D2906923E0,1
1D373874-B804-48B9-B9E9-8DC6B77BAC1D,0
1D377595-233B-4A5A-AE74-40BF953E7839,0
1D3E1503-1F47-4F7A-9F94-93E4793442BC,0
1D523EA2-0346-4200-9203-4ECF3162D42F,0
1D55DDDE-7312-4EAF-AFA8-2E4CCA054C83,1
1DAD5CCB-AC20-4799-AA61-3B4F40F5BCF3,0
1DAE3A40-4BF2-41B9-9622-1924D9B2D286,0
1DAFA36D-B306-473A-B459-010694113299,0
1DC6186B-1C8E-4002-9592-0C50D055D9A9,0
1DD076E3-3504-42A7-BE65-C88566A965C5,0
1DE658DA-FE6B-4C0A-AD44-A790BB7A4488,0
1DE9A2EB-1542-4009-BFBB-FD3C1484920C,0
1DEE1F6A-17D4-407C-B5F4-B653D91079A9,0
1E06A31D-33FA-419A-9B5B-1392A34B399C,0
1E225D74-894A-42DB-8D76-44E70B9D43E9,1
1E31FF61-80C4-45D8-82FE-DE5E24C5BDAA,0
1E3E1ABC-1B5E-4403-BB08-BB96FAB65482,1
1E5193A6-B8C9-4F3D-A2C9-EBB0398C649D,1
1E538FA0-8D44-4F32-9C88-3F429F610B40,0
1E65D8CC-38BD-4171-89AA-018A26F62D18,0
1EAB9B3E-F9DE-4795-B100-73B64A9CBBBD,0
1EB03FD7-E2D3-4552-B711-ABDC58E278BA,0
1EDFDBEF-EAE7-4389-BABA-23C84F947244,1
1EED1AAF-7547-4183-BFF2-D7AB3303B3BE,0
1F222680-5AAD-48A8-8C68-B56400B5DA90,0
1F2991E2-D5AE-40D6-B34D-C51481BB4207,0
1F399244-23C8-42A8-A404-1F13E2D1D8A2,1
1F599CAA-93C6-4684-B51C-FD7064995A90,1
1F7E6E36-30B5-4B34-AEDA-CAFFFE710712,1
1FAE75E2-5381-4F59-8740-8181C723D4FC,0
1FB80BEB-FCCF-4D87-9DF5-3327BAB5E91C,0
1FD167B6-28E5-4C20-B3F7-3BCC5DA194A9,0
1FEB8BA0-08C7-4699-9482-4F05693D346B,0
1FF2765F-81D4-455B-9388-7D1D5B9E8F35,0
1FF8F991-8BA4-44A6-9E60-2DD871F5CA1F,0
20149940-88D5-4F04-A859-06FEC8AA3EA0,1
203A1A08-69F8-4DB0-84B6-52AC6919398D,1
2045FB3B-D8DE-4693-97D6-5F58424E8F30,1
20741497-6E82-4F00-9D97-0466438DDBF1,1
207CAA98-A3CB-4929-9958-B5CF2F8B3322,1
20808D1E-9200-4007-927D-7365DEB6E42D,0
209683B6-F798-482E-AAFF-5239C5B71355,1
20AA1F32-4BEC-489E-8137-A389B4F4192D,1
20BD8CC2-26F6-4536-A23F-E081EA941D21,0
20C7EE0D-13E1-4FF4-AC3D-58E2D94E6380,0
20E37D2E-837C-40AE-B5C0-937F17FA5168,1
21179571-CD27-41C4-9DFD-15FD1F794AD7,0
21193852-0B0B-4E49-B94D-81D37AA5D444,0
213EC79B-C084-4E5A-AF58-BA86B8BF3DB8,1
21412D40-5B3E-4206-8EFF-83A1E0515791,0
21491502-AA71-4931-BE5A-9799601CB87A,0
21588D76-E8B4-46BA-A38E-38C4EFFB01A7,0
215EE776-A80A-4308-8E3D-39CA28078D8D,0
21681B16-6900-41E8-A507-37EC2603850D,0
21789810-1FB6-40AF-86B2-7F4DE2CE31C9,1
21856EA3-C3F1-439F-9A09-928193574A93,0
21DFB5EE-DCC1-44A9-9217-BAF89F7DE4D0,0
21FEC863-6C5A-4BA8-BCBF-23062116F2E6,1
22013502-D0C0-43EC-9B01-A36F2F001C3B,1
22125212-593C-4F83-A06A-0E488849FA66,1
22134680-6218-4F75-B093-B81EE9DC8FCE,1
22157560-D38D-405B-8B62-1D8E39860379,0
22160A92-7B10-4EAE-AE6E-49A33AF1280F,0
221C5047-106F-4E0E-AFCD-BD53D2C442F3,0
22239D30-6609-4170-B09A-BB498848C731,1
223021A4-DEF6-4FDF-AE7A-129DCA93C1F3,1
224EC05A-60D5-451F-B9AC-8494133DF3CC,0
22590DFF-A63F-456D-BA81-110B45138601,0
2262A5FD-33E4-45F7-8225-FA6ADB47C880,0
226BAA5A-D298-4B73-8BF2-EF7774A1DBEE,1
226E33C3-B50C-4C54-813C-6570FACAB034,0
2287CEFF-8F69-4344-8E09-D9301F7E45F1,0
2288950B-EF7A-435A-906B-1DA32C0B11F5,1
2295CB46-29D3-4430-93F6-CBDD4C15000F,1
22974BFA-B3AE-44ED-AECE-07C0ADB13B92,0
229B169A-3792-42A9-8A95-6A1869901619,1
229F38C9-E905-4285-B1C5-32DA1EB0AA47,0
22A6F905-D1FC-4640-9504-7E820AF460AF,0
22D0A33C-0C21-43DE-96F7-AC822FCA9B25,1
22D6E1F8-B209-456E-B3FF-16974AFC048F,1
22E44DAA-A417-485A-8138-41EA075EC970,0
22E5FA33-6F03-4BD1-8ACC-F434BC80B902,1
22E948E7-CE35-461F-83E2-CC21FE84C039,1
23016E0B-2195-4FB0-A286-B4E31B439C46,0
230F6381-0CDF-454C-A4BD-5FE72C3925EE,0
2339A4CD-CA35-43D2-A2B0-FF7CCA539CC8,0
233AE321-FB69-48C2-85D7-CEDA2C659F57,1
2381374C-3CFA-4332-9DC3-CDB0C2CF1EF0,1
2393E680-D4A3-4652-85F1-32ECA89311A0,0
239A34FE-D20F-4261-861D-ADDB2DC704ED,1
239CF331-934A-4F87-B245-E6AFBD8B1FB0,0
23E6E9AA-D73C-4A84-9566-7ACAAE93D8DB,1
24196499-8D5E-4ADE-A047-37A3BDA5CCD2,0
2420AB62-626C-4FF2-8360-9113260E12A8,1
242F11BF-B375-46DA-A859-374ABEE60950,0
24358990-DEF0-4AEF-9014-A6E7D1D19031,0
2456E250-AB2C-48B8-8D9B-D1A84B009575,1
245853D5-189E-442D-8F83-1627064F798E,0
2459C00C-E175-4368-B8C0-E7485E9CB286,1
2463E05E-4709-4BA1-AF56-FD60267808E3,1
247366F6-B10C-4D85-98FD-1B8B18F63038,1
2491DA00-A9A1-4489-B1BB-5A4D021377F1,0
249EB404-1678-4635-9D5C-09F302A0D1E2,1
249FE41E-3DA6-4AD3-B704-07726AA29B54,0
24AEC833-7D5C-4615-B110-DB36A8FB1309,0
24BE6897-E14D-43C1-8668-1C347BB1DDA0,1
24C41E89-D85E-47AD-BC8B-2EAABE756B54,0
24D03697-C4E3-48AC-85E7-E3E7C4EF58A0,1
24D10780-86B3-46FF-BA9E-9A75F1E7CED4,0
24D3CB95-6D3F-4663-805C-2C83B6DEC34B,0
24DAA269-80F8-4FA0-A095-14E7C0761F49,0
24F8DF44-74AE-4DEA-8EFC-BF69CAF033CA,0
24FF6FCC-8FF1-40AB-AB1E-9C17FCE845AB,0
2528BB66-5F6F-4D80-98DD-7C22062A19E8,0
25468B78-0D76-4A1F-9880-6C40475CC68F,0
2574A0FC-F7B4-4504-A193-06752116E7BC,1
258A7258-29A5-4290-950B-BA3F12A5DF7B,1
258B69EF-43CD-4E26-B20F-7CB6BF5FACD0,0
2592CA2A-3AEE-4CE1-BD4B-EB0B1C31BFD2,1
25A3C0B6-8F9A-46F9-8522-7A5DD7A0D77D,0
25E4E2A5-D8E3-409F-B6BB-B4749BD6B012,0
25E8402C-0028-4385-BE21-D5A10A14A44B,1
26077EC1-7802-4AEC-AE68-20D3C29F0AEA,0
2607B632-DD9C-4AFD-91AA-F717D608E30F,1
260D3A26-6023-40B5-8354-C9E2075579DA,1
26183612-9BF5-4F45-9527-0B0FFA383630,0
26254A7F-CBCC-4940-8534-6397FD61BBAF,1
262A317E-DD8A-4061-8BA7-E33A20EC0D10,1
263624FF-512B-4DF2-9561-E990BA23AD0D,1
263FBCD4-2E48-49D4-A054-D7595FB467B7,0
264E067E-7F9C-437E-AF9E-7554EE2580CB,1
2666F697-B41A-42BF-AA20-4C271D16D032,0
2672389F-DDC5-4031-B846-E51AD106FE33,1
26744D5B-2B4A-43D6-9CD8-257D2BF53EFE,0
26A57EB1-6DF9-42A4-86E5-5F0FA39A8CD2,0
26AE0300-22CF-494E-8514-3B34884D5C1C,0
26BAD07F-6A53-4609-8E48-70F218BBD6B7,0
26DCD09B-DD09-411D-A064-3CE1BDA00B5B,0
26DD01E3-A2EF-412C-9D82-3BD72935E080,0
26EFF12A-19E3-474F-B61B-A5BAAC9B45B6,0
26F253AF-A78C-45D1-A166-1CAC5844320E,0
26FCE775-2EA1-47A9-8959-9AE34FF8DAD8,1
2709D185-C4DD-4FAF-A0E7-B31D99B5E2C4,1
27131E3F-777D-48F6-98EB-0244B0CD05F2,1
2713652A-2E7B-4994-AC0F-24246DDFCB5E,0
272E4921-1BED-4834-BBA7-E49C70E0D950,0
2769D064-79E4-46FF-B974-FAFD40DEA597,1
27745166-40E7-4159-8383-AC3BBF78D3F2,1
2778EC75-6722-4BD4-8A18-49529819CAD1,0
27838E5F-E0AC-4301-85DB-EB3601C26B76,1
278A51F2-DFBF-451C-859D-10ADC36BB536,0
278AF9E4-911E-4C17-A032-A6F53A5C0306,1
278C082E-CEB5-4B49-83F3-881195E5C903,0
278F17C4-D638-4C4E-A267-818A10DB0222,0
27E081B5-E786-49D6-802F-2F4EDB62E4A5,0
27F4EA5D-7B62-4193-A250-B28B5D947ECD,0
2832595F-0463-4B85-B4C6-BDC477B6A3A0,0
283A2264-C958-4FEC-9BB3-CA48B73895D8,1
28795F67-92D2-44CC-AF1C-160A51453EEB,1
28992365-B913-48E0-A4EC-B4C37FB0AF1C,1
28ACBB6E-BA59-43BE-902A-64B9D11FF5EB,0
28B4CC3E-BE59-40CE-9F42-78DDB916F3DE,1
28B879E7-E3AE-455F-9FD6-DB44A6047F4C,1
28C6B053-D2E8-4875-8199-C450A2A692D0,0
28D55B04-4EA1-47DE-8E58-0C2437F84E4F,0
28DE3851-5C34-4DC8-8A25-249E6A9FDC67,1
28FBF476-F787-4910-9D8E-1EC77EFBB205,1
28FFA92E-E24F-4CBB-BEB1-1C3EDB21187C,0
2906C7E1-DE9C-40AB-982A-09DD04FDA03F,1
290CE8B9-1421-4836-BE61-0F1806C52B22,1
29242212-B3DB-4A4C-8FD2-91815E41E4F0,1
29263DCF-A965-43A3-9D49-2277A46D9F79,0
2927E06A-8B97-458C-91F6-3D1DF0C062D7,0
293229A6-63B4-47A4-AD95-D4D18F2C1AB7,1
2938325B-D065-4C13-9431-62E2B122D24D,0
2952E954-A154-4A94-B818-62CEABC9137B,0
295C8358-9190-49D4-A587-3BF95FD088C6,1
29672C4F-A19B-41B0-9012-407BD3BA79FF,0
299949C6-5770-4338-BE27-97A5088997C5,1
29A9E8AD-6FD3-4B55-A12C-657C44648069,1
29AB8A30-D525-4A51-8FF4-A142F92C2081,0
29C1305D-2790-44F5-9CD6-BC543A2A36F2,0
29D7A83C-E4E9-4CAD-BDB7-0A0F1F5ABC6C,1
29DB6555-655E-429F-86DE-AC104EB596F8,0
29E20265-D11A-400A-8486-BE471A8F3603,1
29EF9BA0-0911-4C20-8A3D-B558F3FA4149,0
2A0205B6-56C2-4BF4-B7F6-B1236A83F274,1
2A0BC4A6-A5E6-4783-B830-A5698827ECB1,1
2A245C9D-858E-4649-A3A4-AF16E0D5EDC9,1
2A6DD434-656F-47B4-A592-87D7B9CBE74E,0
2A6E96DC-F5D9-414D-AACF-C7E559004C4A,1
2A8483D2-1869-4E9A-993E-7AFD36324341,1
2AAB8F75-1F11-41A3-8D68-C52255E2BD6B,1
2AAC91B6-6D96-41DD-BC27-5935BEB933EF,0
2AB7FA18-32C1-4CF6-BB34-2C1D07FF40CA,0
2AB807B8-EC4C-4826-B2B4-B0B2743595C7,1
2ABF8308-52B3-4951-9006-E933323B7C0A,1
2ADE4D28-3318-4C0E-8348-349F60000531,0
2AF95A9C-76AC-428B-9D2D-79B4A8374517,1
2B19B277-9B50-414F-BFFA-AE3361ED763A,0
2B22B450-1F69-4257-820D-DC12595955D8,1
2B4770AF-C543-4C1E-AAD9-090B980AE941,1
2B518290-3002-4128-A880-834D6D4EC553,0
2B67B030-A731-46D5-946D-681DDCD4A6BC,0
2B6B56C9-58AA-4A7B-8EB8-BBEADF089207,1
2B74F07B-1610-4999-8AD1-15493C09088B,0
2B9BE385-E65E-4986-AA1F-485F6B4618CD,1
2BB10A16-2B6E-4907-A2C2-5C4EB9ECF1B1,0
2BC6FAFB-3B77-4E72-956B-3CBCE10783C1,1
2BDC6B54-81C6-4AF8-934E-23E2C40AE4CC,0
2C0D438D-3F4D-45FE-9268-9E87BA5789B2,0
2C1308A8-0170-4FC2-9F42-F78466CF3D33,1
2C135D9D-B323-4190-83A8-FF9D999883FF,1
2C5E0B88-3E1F-4C9C-B261-427A5279C888,1
2C67C281-AD4A-43F9-BF66-0507DE9F8782,0
2C9DE199-8C19-4D0A-8ED0-971C5CE2C1D1,0
2CA628AE-BB39-4771-BEF1-3E0C47BA00C1,0
2CA7A45E-82E4-4BAB-A2CC-30A0F34B4F00,1
2CB756FF-62E3-4558-8A36-19CF7759A382,0
2CB857FC-A90E-4867-A6AE-0AF91F74E2B0,1
2CCF2D76-D04A-4BD0-97ED-91673F00769C,0
2CD59F50-D904-4477-8FC5-A9C31290789F,1
2CE63330-7855-41B9-A32F-1B9AF38E63D5,0
2CF06991-BE83-4C1E-9180-07497BA4AEC3,1
2CFD4402-32FF-446B-A553-EB5AA54FB282,1
2D056240-C423-43F1-BC51-46EFB91E5C1B,1
2D09715E-5A67-4B6A-BE46-1D683F13D142,1
2D2F5E67-C69A-4AFF-B07B-E6DFB55B286C,0
2D3173CC-75FF-45C5-80E2-1233E2D4C6EF,0
2D4114D0-F793-493A-8FAD-9B539A8C879C,0
2D4366C0-DD17-432D-93B9-A368D17A3FF9,0
2D48A2A0-371E-44AE-AEE8-00A26F41B53D,0
2D4C33A6-18ED-472C-8E7E-A8EFE3222C0D,0
2D7519E6-5EC3-42E4-9581-A3D0E53AD24D,0
2D7ADC78-037A-45F2-A7C4-6C4916C8D848,0
2D801D99-1AE2-4AEE-B3DC-175B09F0B707,1
2D90B8F6-F618-4E46-845B-A84785EF8B20,1
2D98B4F8-A310-4711-9268-CC91B1E4CF3B,1
2D98E434-C136-4FE9-8956-D6FA5AB2B830,0
2DBC0F34-1A0C-4509-A457-D0E974532E57,0
2DD234C3-9E26-4BFB-885E-B3A3102BABE7,0
2DDD4B53-19C6-43F9-8CCA-DA7880866983,0
2DEAA1F7-876F-4E6D-9AD1-64262A051DDB,1
2E261A9F-ACE3-4CD2-B347-CF8671A34E8F,1
2E2AD7CB-8330-4C0C-BEFF-98502B765FE9,0
2E3ADB7C-099B-4C2A-BBFC-1213F279242A,1
2E3D4388-BD6C-4E43-87DF-007E02C3F423,0
2E5E9948-2007-4F41-8CDE-75514C8B6877,0
2E6225C1-B2D1-4A20-A72B-B2265A82B2FE,1
2E6537A2-D063-4B0E-842E-066054C7FC0E,1
2E7C3FB4-85A9-403D-A318-F8462DFF6C16,0
2E7F2AD0-A3E0-470D-B2DE-3DFBE68C6003,0
2E97C0C0-BAD8-4BC1-8DA4-CC32D71C4FD2,1
2EB687FB-813C-4DA4-8201-7DE39D40E8A5,0
2ED45BBD-A6D3-4DA3-86CC-E78A5B2C84E5,0
2EDE8400-7AB4-43C9-A019-8E07FFFF79DF,1
2EFAD4B1-A3CE-47E2-83AE-226D0DA6F493,0
2EFD7FAE-057B-4CD7-B527-694030B55C99,1
2F0228A6-CDB1-4E7D-8E57-5EC9FBD098FC,0
2F046777-CAA1-426A-87E3-255D6F85C2C6,0
2F1C0CBA-E38D-4834-8711-E91F44230513,1
2F20D8FB-D8AA-404D-8209-A6AEFE9C7778,0
2F28293D-19CA-4F9B-8328-A6A00FC5C5A4,0
2F3CC025-6E29-4CB9-B22E-4FDC5D82DD2D,1
2F3DAA8F-271F-4EB3-BC6E-4DDB95655C6F,1
2F5FE4F5-7F3A-4194-80B8-E7A48B08504C,0
2F6CD5EB-7F21-43BA-A197-7D3675200A4C,1
2F8C726C-C704-446C-9C84-44037494BF26,0
2F90F2C6-7B8A-4A7E-A5A1-3D428CBA290F,1
2F95C077-58D3-43E9-8CF4-DBFC68523BBA,1
2F994571-316A-4974-9A3D-D70B0897B64B,1
2FAA3014-92EB-43CC-A1BD-D479E6ACCE3F,1
2FB21B55-9AC9-41A3-9345-14FE433AB334,0
2FCFF7FC-5354-4753-B448-C7ED0EAD9DD4,0
2FD9571D-139C-4269-983D-AB769C1A0AA5,0
2FE38D1B-8FC6-46E7-91EA-5865816A4ED2,0
2FE87CF1-9127-4E33-A849-090562DB3B6C,0
2FEADC7E-A3E8-4773-B92C-00916DC54624,1
2FF361E8-B115-4111-A7F2-DE28A78D7861,1
2FF45475-AAEA-4641-8D45-98EC315260A3,0
2FF45519-54E4-456F-AC06-BBCC756A1162,1
300503C6-1515-441A-B2E0-D1A442140D5B,1
300513B3-8B38-4692-A01F-3EC9AF95F32A,1
300DC507-A840-4980-A749-C861A48028E4,1
30326CF7-E4AF-46C1-A9E2-4457667E0090,0
30455DE9-0EBC-4ED3-A695-6817331D03C1,0
304802B0-2A70-48E4-BA09-2034AB8F6C1E,1
304CCE3F-91EE-4435-A989-B14D10F15326,1
3050461B-4492-4570-8242-52B864B9E98F,0
3069FF46-1987-439C-A64D-55D421F2027D,0
30855F2B-B96F-440E-883B-153C88D94975,0
3097B5F3-5337-4166-A1F4-8C5DCB99D148,0
309EC352-059B-4266-AE4E-D193F0F58112,0
30B1EEB9-5B3D-4B10-A4C6-F93710F756DB,0
30BE985A-F346-46A7-8450-CB7B1276948F,1
30F62291-B70F-47FE-845E-E7163D01B15B,0
3100C03A-D002-4612-A269-F6523F4ABA75,1
3108F318-0FF3-4D3F-AD72-87A72539E649,1
3128599F-8AE8-4773-9359-0C0A6A94835A,1
312970B8-C063-4418-ACA9-FF6CA38EC7ED,0
315DAEAC-7D85-4E7E-8A3A-2DC225D3C0B7,1
315FFD11-3C90-4B3D-A5E0-E5D99A0CD4E6,0
316FA29C-853E-4B63-92D7-7EDAE4370126,0
31806076-3037-4B52-AB91-BCF9C2374F1C,0
31835B95-7E64-4CDA-B7B0-AB0B792A22EC,1
318B3F54-2643-4C8B-A69B-30ECCEE06B50,0
319FD544-57A4-44A6-B872-81E735DEC985,0
31A57E87-F188-4D96-BB1A-CC1E9A0D9C38,1
31B6A1C5-2451-4BDF-83EC-E616552EB4E2,1
31BB43F4-5B68-4906-B2B8-0CC6864E7457,1
31DD9DB8-F447-4929-A968-9CCB43D9557C,1
31DFE5F4-FD3B-4611-BE92-498D57A809E7,1
31F8687D-3EC5-4033-BEE4-52C84C6223DD,1
32097018-D0CC-4077-A202-188B0C9B4BCF,0
322975A8-476A-4120-BCBF-C8999437F15F,0
32336915-AFC8-47A5-8B99-74A16D6CF3D5,1
3237BD4B-3720-4C36-9DD0-5CB1EC5F6F21,1
32A3B385-2DAD-47CC-B17A-35EEA819F16B,0
32CBAAB1-9753-483D-AF28-00A55274B44F,0
32D14E5E-6D9D-4850-BA0A-E8AAD90F21D1,0
32D33AB6-0463-45F1-B261-BA28B956A506,0
32D62E05-46DB-44BA-89D2-2EB010B7AE5A,1
330ABD3C-325F-44BC-A757-3262235A3453,0
330B1690-B19D-4AAA-B428-B911AA1F8020,1
3320330C-8164-40C0-BB32-5E3F54BC9110,1
33259DFA-EA53-4181-BC64-45753F9F0F3D,1
33297089-C792-4ECC-83FC-CD6EC235C111,0
33379ABD-0E75-4723-89ED-F67E895D3131,0
33391E5C-51E1-47D5-92C5-3BAAC1C9A7CF,1
3355270C-7D7E-46C8-9B8F-7232E57ABEA2,0
3357EE46-E680-4D5E-A6DF-9D5561D2D978,0
335F24E1-A98B-48F1-A602-272DB9E2C7F8,1
33666CA9-E83A-4BE2-974E-1785478DE214,1
337DB5F8-56B1-4B2E-AB90-05262CF28123,1
337F0217-4241-417E-8235-0C6B934AA900,1
33B93224-22B0-4915-925E-BBD83501EC11,1
33C93F5B-E863-4955-AB50-7EC3E7D0284A,0
33CC3FC7-17F1-48C9-A95E-0F9A3588DC4A,0
33CCF2FD-8463-4110-8F09-D29D88FB9473,1
33D30CD7-654C-480D-9932-E592219FE119,0
33DD923B-5122-4074-A1B1-00087A0431CD,1
33F74C0A-A1EF-45AD-8C9A-0C115A98D303,1
3409D458-B3EF-42A6-B98F-DCD6CB4982E6,1
34222C6D-314B-42F4-A805-02918FFA5460,1
3428BFFE-EFB5-4658-8934-F79B0C4A908B,0
344AE62A-6252-4214-8373-82E701234314,1
3458141C-3C35-4AB3-894F-E53532DEE2A3,0
347742C4-1F3E-40C3-B534-2AC09E0D1C5A,0
348C0AA7-DD7F-446A-80DC-9B6F7A59B056,0
34A2F096-E35A-42B0-ABD8-39C4F1602FB6,0
34A44B21-AF91-4B44-9F0B-D0B63D483FCC,1
34CD5E11-3AE9-44D5-A675-A1997397AD1A,1
34E207C1-D187-4F54-AED8-2358DA6C44B0,0
34E2EEC2-57EF-4DE3-8131-2B645D200052,0
34EC79F1-D1AF-4A20-A18E-23618C3F2346,0
35036C14-85A9-487D-BD96-932FB0CCC407,1
35089E0D-A39C-44BE-AEE5-9259A3F6CE48,1
35386F86-9D0C-4237-92B9-3365FEC39FBD,1
35449996-7B00-4480-B6F2-E83155F3B22D,1
354635F8-D373-4A83-A7D5-2D5DB2E82D1E,0
355CB5DF-8009-4DE9-A193-9BA4B5653925,0
35633817-D653-402C-939E-4CE04542FAE4,1
35646560-9062-4AA6-9A6F-7EA0C0376DD7,1
35718A69-907E-4FBE-AE37-121F7A07270D,0
358BA956-7221-4A54-AE79-33010266D87C,0
3598112B-1DD1-4476-8F7B-D17996785026,1
35C1FC4D-382B-45F4-9D69-AD6CF52E1262,1
35CACBD2-E5F4-4E51-BE52-57A004DD6C0A,0
35D83B13-13C2-492F-AE56-E50999AE3125,0
35F65942-9B68-46A5-B6F7-876CCF2185F5,1
35FB2D65-28AB-4B3A-BDBF-A5660FF9F91C,0
35FB42C1-2AB5-49C4-837E-9CC754795AA4,1
35FCF4AF-785E-4022-AD2B-C4A1F561DE92,0
35FF2A78-12A0-4583-B2D0-D38DBD294420,0
36043930-6BE5-42C3-B667-21711F1A1A26,0
3605FBB4-FABD-4F1B-B323-5D3EA96939C3,0
360EC490-E95B-47AA-8962-C075FFB17B12,1
3616D904-547B-46E5-88A2-BC8C3D773F01,1
365A6737-CE32-4625-8B08-CFB859A8BB5E,0
36678B36-4D35-4243-B762-CAAE05559AD2,0
366BB7E8-166C-4925-B762-458C59A144E6,0
36B3D922-0A81-422E-B0E4-7C9DB73CE493,1
36B46A05-FC9C-4BFF-AB89-B1B3E107FDBC,1
36C1A844-D32E-4A83-99B9-19BFF98BDDC8,1
36C67421-7535-4509-A8CB-E1956AD2E121,0
36C87290-84B1-44BC-9FA5-9E2AA21B273E,1
36CBC67B-1340-4F5D-98E6-EEA6568C7590,1
36E2BBB7-9968-4CAD-94DC-24AA04385D94,0
36E30904-79C6-4C68-BA52-D6C2AB349C0A,0
36EA32DB-7418-44B2-9D7A-D85F829A7D7F,1
37123B3F-1258-49FE-BCB1-98FF6F862BBF,0
3716B5AB-E766-4991-B818-6127E95A13A1,0
371BEFCB-747B-445C-8F34-74116BD6CD37,0
3733519C-755B-41DA-A866-CEAD6B75E98E,1
3735E787-E815-484B-B23B-4EE8ABF2E629,1
3739F481-56A6-4596-8F07-1C8FB3A55879,1
37443737-5A4F-4B2D-B548-178CE2EE6855,1
374AD87A-0268-4F6C-89B2-9B2906338632,0
378B7B4C-A789-4591-9A40-273E293FBEC8,0
378C60E9-4158-4395-B3B3-D1C41F409C1C,1
379C2702-0F31-40EA-A93D-10E01B79B4B2,1
37A94E71-8613-42FA-B41C-CE9325B2D35C,0
37E0F516-EDE0-468E-BAAE-1D2C0151FEFA,0
37E3CE62-1176-42E2-AA90-5CD354C8910F,1
37F19292-CE56-4A50-93A0-3F4AD37BDD37,0
380B7DEA-646C-472A-B194-2C9C1CC6B3A1,1
38148FB2-3B75-44CE-A545-B62FA13F5C69,0
38162060-971D-4285-9593-01B564D5E3E1,1
382665B5-CFEB-4715-A8A0-931C31829C6A,0
38C6012A-E852-40F9-B929-A2F953610D05,0
38CDD24A-F073-4FD5-9670-176962A53C9D,1
38CEC33C-8D82-4287-94BD-C995531A5229,1
38DA3E02-BDB8-4C72-9EB3-362865D9E7A5,1
38DF6840-544B-426A-8584-417FD27C9625,1
38FF3AA7-1323-4470-AB7F-42BF40C0D3E9,1
3915D204-0C87-4F49-9F50-D44B539DAF0E,0
391B9484-8C63-422F-B770-80162A332A42,0
395D412D-8A03-4964-800D-0204C3F25E24,0
39602750-3218-42EA-94A7-C71B075221B1,1
396E4BD7-0E4E-482A-BACD-8AD46494AA87,1
3976196D-A1C1-4104-8D37-57314362312D,1
39810C52-F716-40FA-B320-AB1C0DC35813,0
398C9BF7-5A33-4FF5-9823-14D176180DCC,0
39922F41-649B-4F70-9C86-FE6DEE514C1C,0
39A0DF2C-FF26-4E67-AFE7-422F7CFE6903,0
39C51D35-DD29-4BE9-9AAA-4AFBD4304439,0
39DD35A9-EF55-4408-A66C-94A0120F2EAB,0
39E98159-F0DF-46F2-9A2E-C11138C936E4,0
39ECFD01-D016-4D17-B11E-17943590FE1C,0
39F6F4F6-14B1-45A2-BBE9-12D5CDF95ED2,0
3A16770C-8B03-4739-847C-6A70823EB19C,1
3A224D1A-6EFA-4D17-B93C-EDAC5DB78483,1
3A23236D-BDC8-4183-A745-560AC7C727BB,1
3A73A3D6-6E83-4B6F-B648-D242FA9CC80D,0
3A7404BA-82A9-487A-876B-0DEE44C6E6AC,0
3A7AD21C-02D8-408A-B474-8651428EAF7C,1
3AC5C1B4-4EF5-49BF-9901-A7B635A8EC4A,0
3AC5E8CE-9785-4F46-9F67-41CFE65C8EA3,0
3B09233C-4369-4E22-9372-795B19B0E0B2,0
3B1F7BBB-7FA6-4F2F-9DE1-002FC2DD473D,0
3B22FC8B-8484-4677-B826-E7C4F98309E4,0
3B2C2089-834F-4262-9C87-BB2295F1935E,0
3B32CCF7-4E56-4C35-8A45-1A3D90D70E4A,1
3B431566-AC6D-45E0-A2E2-78488FA26D34,0
3B471C24-18ED-4869-B607-BAA7390F7332,1
3B58C69B-6D2E-41FA-954C-7C904DA603FE,0
3B6A732A-BB65-40F7-BA11-EC934DF656F5,1
3B6EBA91-EF04-49C4-B23C-03543EF0DC58,1
3B954001-EDE4-47FD-AD4E-9462B7C50AC4,1
3BAAD30F-F122-4986-BFCC-ED2C19C0CE85,1
3BB28008-1F38-4EB9-A222-BB25207148F1,0
3BC2CB10-4A3A-450D-A645-897FEA89C6D5,1
3BD9C574-FF03-47B3-9E55-DEC78BC4F97F,0
3BDC4429-6E8B-437C-AF74-856CBE1A7E34,0
3BDCED84-BE74-4ABF-B34F-D61350CC91EF,0
3BEC71A1-8A3D-4AAC-B1AA-0396056C3056,0
3BF5D57E-B585-4C45-B740-536573C285AA,0
3BF82CD7-AABF-4852-B081-0AA4976C6128,1
3BFAA74D-7223-4E75-90F4-4F123BEC48B8,1
3BFB87DF-771F-48FA-8272-D00FDD3E6FC7,1
3C031BA4-76B6-4786-AF04-10099C33707E,0
3C1AE25F-CEA8-4087-9DD8-E610D0F899A7,1
3C25D4CF-4A76-41E0-8E2E-CDE3E0B04F22,0
3C3B3CCB-B816-470C-BF5A-C54A65E3D6EE,0
3C3DC005-DB2A-4162-82BA-575F8BFD543D,1
3C4B5039-CD66-42C6-8CC6-8163AD773EF1,1
3C4FEDA8-4E3C-4F61-AD75-D4E20DBCF11C,0
3C6C80A7-8E6B-4DCD-BE48-227189E8B71A,1
3C6D652F-60AC-47F8-A97A-7F86623BB208,0
3C9B227B-0D70-4682-AD92-F2713AE6370A,0
3C9E3283-DE61-487E-80BD-03CFA4A19067,0
3CA98536-6A73-4E99-9661-ED58DC77753A,0
3CB7DA1B-745B-4451-996B-3B5B111229DD,1
3CD01B17-F5AF-4B87-87C3-1CAA370E55DF,0
3CD5ED2C-A5EB-42E7-9123-82135D263366,1
3CD66DF6-7421-4AD7-8879-E9763AA687AE,0
3CE4A150-E7C7-40C4-BF86-1AA012934EB8,1
3CF4E003-D0FC-42EA-9807-070EB2DDB5C7,0
3D153A62-043E-452C-A21D-6044262FFB7D,0
3D28B0CD-7A12-4D89-8F77-99A7C1006087,1
3D5DA1F4-D1C0-498E-8E67-1437FCC150D8,0
3D5E31A1-FFFA-4793-942B-01C412E85547,0
3D714BDB-7595-43EE-A693-8CC6D972DEA1,0
3D828707-A6DC-41E2-B8F0-92AF358B5FFB,1
3D98AB3F-C4C9-4532-B3C8-A1F21D0C574B,1
3D9F873D-C478-4F84-83C4-63825C9A5D2F,1
3DA069DE-28F3-484E-B892-46F1EB1DF87C,0
3DB17981-0634-47E2-AD2C-2BA4C8492B0A,1
3DBB2CFC-218E-43F4-AEC8-0B07D33CF90D,1
3DDDE544-D9DA-4FE0-A987-82033C50C397,0
3DF2A3CD-C804-447D-83B0-40640823CEF5,0
3DF75AE4-89D7-46EE-9257-F1A6FBBB233B,0
3E037B91-E433-477D-88B8-59839F15F70D,0
3E0E458C-25DE-44E5-B9B2-DBB64491E0FE,1
3E1A8ACE-A487-4872-87FE-EAC1ED747C5F,1
3E263C07-65C6-4234-BA5C-05AA4DF39F8E,0
3E2A5426-EEA4-41FC-BA3A-33C6E2ADD16D,0
3E443ABA-BE3B-428D-8A67-2D1BE3D144B1,0
3E756646-E3CF-439A-876F-C52C90916881,0
3E77D194-002B-4650-92E0-9008AAD4E0C9,1
3ECCE9ED-ABBE-43B7-90F7-EBDF6EA7149C,1
3EDB3B1B-AC7C-4B70-97FE-9DFEF6D5B2BC,1
3EE5E578-8628-4793-9E46-F164069F79AC,1
3EEF181F-67B9-4D96-9CEC-577BB1B8C4A5,0
3EF29965-630A-4A0E-A059-B3C9ABBC45A8,0
3EFF033D-9A1A-4C8D-873F-F164723A199E,0
3F364FB9-835F-4A99-B732-B38F2F66DB36,1
3F48DFB9-5393-4F98-90FB-7A838465D217,1
3F6BDA50-9458-4D9D-A49C-2523321B0635,0
3F6CBBBF-568F-4253-A89A-C0F7789C671D,0
3F8DAD48-2B63-45A5-8EF1-21E8B8F05DCD,1
3F98AB22-3EA0-4428-A63F-90EB416EC89B,0
3FAD4E6C-D386-4659-8A18-FC3F2D078960,0
3FBBB2A9-901D-4619-BB6E-FF8106CFFA6F,0
3FF7F6CC-B14C-476F-9CE1-0F30F3622681,0
3FFA244A-9686-4BF5-9F8C-1A53E32211FD,1
4010CEF4-D0BF-469E-A2D1-7D2A6EB952E9,1
40344134-9182-4427-AEA8-C97932DBE663,1
4037E56D-053C-4929-9A83-8AA882BE24A3,0
403B2ECB-617D-49C7-A8FD-BBB2ED96E6D4,1
403D968D-4091-43A5-818C-C76625DE8E3E,1
4084FCB0-10A7-4A0A-8646-6FA2EB88BE30,0
40BE0540-A615-418D-B36A-9E201DA6377C,1
40C59C23-A655-462E-BC13-693AE7415DBF,0
40D1FA66-C92E-4833-A7F3-E40FA0A003D2,1
40DD5072-36A8-4EBB-B2FA-B580EAD8B2A0,0
40E45EA8-4F67-4015-A1A7-43601A20A758,0
40F86681-3F1B-4849-A305-7E327774F878,1
40F8BA3C-B62F-42B8-A69B-0A0C377DBE0E,1
41196544-166B-43F7-8CC0-F88830BC01A3,0
4123DF72-D9BD-4A85-940E-639F97E8E43B,0
41387F08-52B5-4E69-A228-F22348788469,1
413E4841-A080-44A0-AAC0-C449FF26FCDF,1
4141868D-D808-4278-82CB-770AE0135511,1
415A5D96-2CEF-4637-9DD0-98836E825695,1
415E20AD-B8AE-45C9-BB68-B9073B3B53D9,0
41605204-F282-458C-8627-575092DBB6D5,0
416565BC-27E3-4050-897B-EF5169241CEE,0
416B6207-B5D3-4BA9-939B-A279CD7906C2,1
417F0FB8-46F5-4C24-8AFE-D2443650BD4F,0
41A90734-A217-4898-B136-730FA5CA143A,0
41AA4249-627D-4EA9-8863-FC89081758A0,0
4224DB9F-E526-43D8-8625-640D94557B34,1
42254027-839B-4484-B59E-0B2C409F4D28,1
4226260C-53F4-4CD7-A132-195280476334,1
422E15BE-9DED-42D8-8137-0FDF29FAA6EE,1
423960D0-598A-4173-8B2A-EAC70B58DD56,0
42399A96-F5E4-4329-A7D4-477568F8FDE9,1
423E76DF-4E2E-4FC9-9D4F-061E2AEE5DA4,0
4286FE37-74FB-4420-98AE-EE77658A79FA,1
4292A06B-D76E-4820-ABBD-0159AE6D1041,0
42AD33DF-81A4-4C09-B9E0-D7F506CE1DF2,1
42BFDECA-5E70-484C-8821-FEF26C2F1CDE,1
42DE5CF6-DB31-4407-8E51-5701315AE8F0,0
42DEB7B8-BF1E-4865-81B9-A54A10BFFFBC,1
42E1E1C2-FB69-4D69-95DB-C5B84B567437,0
42F0D2ED-EE7B-4900-A6CE-6ECE7E4CD349,1
42F3DB94-56BC-4F2E-9C90-071C4A803C98,0
4317F5A9-BC3A-44EC-B4EE-00864628FB3C,1
4342C379-BB28-40EF-A834-AF3F2DD6C87E,0
434ED5CB-DF20-456B-B1A8-6DE67B298B35,1
435C49DC-FD68-4D31-A2DC-6C83BE928ADF,1
435E6AB4-C7F6-4682-8817-1FAA2A863D90,0
437483ED-FF19-418C-8DFC-57419753B2DC,1
4385F52A-E65A-479F-B3A7-378E248EBE65,1
43895CE2-5A30-4BFD-9EF1-482360BFB90A,0
43AB4FB4-DBDF-40DB-9CD0-9AE5CD3A6D86,0
43B6A013-DACE-4D01-8AC8-C07F28F8589B,1
43C2DA40-98AB-4039-A1D1-8076E0FA30F8,0
43D2830F-5B51-44A7-A94F-9BF237B141C7,0
43D2A3F0-77E6-480A-A2EC-2C77AFC67FA0,1
43EA435B-012C-4BE8-A5D7-9BA6E9ECF279,1
44138BAC-D6D0-4806-9E61-8718C81F1B4E,0
443FD75A-DF2F-40E2-A494-EFD0C25E6C85,1
4442119A-65AA-4F95-BA15-B941BE014B04,1
4454A758-3AA2-473C-8D2B-3FC465C4B429,1
4460F8C7-0977-46CB-A9CD-AD1454B552E4,1
446BF334-2F2E-43C8-8BB2-7E161BC612B7,1
447151C7-BB9E-4F5E-96D7-7A33FED675A5,0
4487AFF3-A715-4937-B110-B18FB297A36B,0
448CDB7C-02E0-48D8-BA4F-8D03F694B2B4,0
4494254D-D647-43CC-A8AB-575489DBEAE7,0
44993771-7B69-4B64-AC78-98099CA12860,0
44A32DBF-8537-48C6-97D1-764F41507B4D,0
44A6AF30-9A9D-44F3-9F64-1831B1A2205E,1
44BB7BED-4BB9-436F-99A9-1904AA31B4B4,0
44C08802-837D-4A56-8584-0391FD1D80C7,0
44CE676B-AB2C-405C-BD8F-7786F94541C7,1
44DA8A42-59DB-48FC-A22E-0FF5779B1FD3,0
44E97631-0D39-488B-BE52-FDCAD791CE83,0
44EBF919-540E-42F1-A921-16685A020D45,0
44EDD92D-8554-4222-90B1-085F1D5B3FCB,0
45082B70-2FC9-4E52-9F07-2DA211DE25E3,0
450F3895-4832-4E32-927F-25EE836BD364,0
452F7E92-BE94-4C5A-BFBF-37F249C307BD,0
45321F87-F167-497F-8E8F-7E9B3FCEAE41,1
45497292-6FFA-4C54-8214-58AEFE995F10,0
454EB02B-3151-4FB0-8861-330A4A4ED16B,1
4557335E-4820-4CC6-A6CE-3765E832E260,0
45716B17-9C17-4940-B076-A0772BAFC64F,0
457BEF2E-74A2-41CC-AB6C-B94D84363F5F,0
459B5345-9CF6-4A56-B1FA-227956D326AB,0
45B0D1B6-F3DB-44DA-AD85-91667DD2D79F,0
45BFE7C7-28F2-41B7-96DD-46E902490ADB,0
45E9FF99-A272-4895-B814-9506C3CAE3ED,1
4601086E-93CC-4E17-86D9-3E194CEC4628,0
460EB3CB-E5DB-4047-AF4E-5D0C625A45E6,1
4611750A-BB08-4309-B4E0-EF1DFB71CCA8,1
4630F439-B8E4-4DE8-8C23-443FCDDA2743,0
463336C7-B213-441A-9D89-BBE24779719D,0
463E2293-B2DF-499E-A26B-6CD65D2EE708,0
4643AE5A-A1D4-488D-8050-E03B582BB15A,0
466B85A9-8E90-471E-B714-9394A9899FC7,1
4678F47E-E273-446F-9475-37FF0F2D46E3,0
467C4810-7D77-4B0B-B3FD-C12501AA0C25,0
46854EF9-C5F1-4A33-AEA9-7FE361ECB1E4,1
46D4CA20-E298-49B8-8B89-5258F8BB0220,1
46E35A36-67AD-434F-BF2B-00713E7CE8D3,1
46F505E1-553F-4381-AEDD-5A5F4A200960,0
4701C61B-1686-4EF1-A54A-B6B7EBBB3854,1
470F6ED5-2E4A-468B-8024-7D5072122607,0
47162C98-B202-466B-8BF1-084D271D0936,0
471B8568-20BC-410A-B5FE-AAB25D2A4544,1
473A6DAF-2D6F-43B8-A4F7-88ADDEFB0129,1
474092E3-5241-4A42-BA62-F5DC7D39F856,0
4743B6D2-B30A-4488-874E-2FB5FA319920,0
474C609A-37DA-4B06-BDFD-86069636933C,0
4752C195-1ECA-4F0B-8D8D-CA3736D4D242,0
4756E655-79CD-4808-8FBB-2B71E49C31DE,0
478F9E7D-1596-4FFC-8410-F3A7DC328C9A,0
479D43C6-37E0-4513-9909-A97760EC1C5C,1
47A717B4-A3C2-40DD-B5DB-1029845B3CA9,1
47C3A800-A195-4E75-A182-1F593EEDEC5E,0
47CB6636-D380-4B8B-9A0E-6E4A1ABD177C,0
47D4D33D-476B-4BBD-96D1-90EF270230A6,0
47E1BD98-4CA7-4BE0-8BB6-8F18AD7A19FA,1
47E79E47-02DB-4D5C-A602-CE5F655A0AD1,0
4826F733-59A4-4046-B4F4-ECE6B24C4028,0
4839DCAB-F78B-4630-9784-BA19D196686C,0
483B8BFE-D7A4-462F-A084-79F55AEEF81C,1
483F7ADC-2807-4827-9A0F-7C54E95B0B75,1
48445A6B-879A-4A9C-A1D1-90CF82CC5719,1
48501E9C-FE42-4C83-9D48-750C1069FE6F,0
48538C28-049D-4C42-B6D2-968DA181FF60,1
485FD9BD-EC3D-4FFF-B2C0-1F72C5E39380,1
486CA53F-4EA1-433C-B7B0-8FAC653C1715,0
488141A5-301C-4EA6-9E0E-E11174DD678A,0
4885B95B-7982-4E92-8F12-D6BB0A7545F7,0
489A2FC9-62E9-473E-91FA-FBA59EDE5DC6,1
48A28429-9797-4E4B-A8D9-EFA85C7A2994,0
48B7A4E0-8D1D-48E0-8A9D-8857FAE6881C,1
48CDB7B0-2BEF-4A41-A1F4-686FA1ECFD7A,0
48D516E5-A628-4249-A648-11F137D40C3B,0
48DCB5AE-298C-4E91-A353-3B0427A504E3,1
48E6F2CB-3DB3-43F9-9985-72942C959ACD,0
48F19B52-A836-414B-A004-9165FC282ABF,0
49071630-969C-408B-9AF3-C89FF34BA728,0
4908CD65-3048-4C7F-9A5B-09A55E0EAC85,1
4913D7CC-7952-499C-AC61-E9B3487FA125,0
4915914A-677A-43EB-B167-60C7AA6D7C30,0
4919D064-5AB0-4ED7-BF83-C5BA27FAB9B8,0
491F9273-543A-4556-960C-B2B4A1FA678F,0
49203DDD-789D-4C9A-BD06-71B39E4273B1,1
49357456-F992-4C28-B57A-13AB73D88495,1
493F67F3-A078-4CEA-A479-F9E48E9DDFD5,0
49481A34-9605-4B7C-AEA0-D875DC8D2F8F,0
4949257D-C3E4-4A8E-80AB-84CCB55C312C,0
494F4250-578E-4EF5-B914-C4919499EBB8,0
494F65CA-5630-49BC-8560-A2C7FA1039DF,1
49A3BCF7-996C-4BFA-87DF-B194881DAAC8,1
49A69481-59D0-4CD5-825A-FA33A9B41EA2,0
49A74568-F8DC-4235-9BC2-CDDE81474D4F,1
49BC338A-BA87-4448-B582-AED616974FD1,1
49C11BC6-6CB7-4F74-89A6-4D16753274D6,1
49C32DDD-A9B1-4DEC-A264-0DD5452AE974,0
49E898EC-80CE-4FB1-B8CD-49EAABDF769F,1
4A140494-D84F-47C5-9D99-DFE556713807,0
4A169170-A04F-481C-B436-D308C9EEFDBF,1
4A31414F-D1C6-4800-BD8A-B2721E915024,0
4A331FB1-E2DC-4FC1-A292-18FFF3A643DB,0
4A3F02BD-2E3E-45CA-845E-909C8B577B12,0
4AA2C394-BB38-4368-A85D-265DA835F673,1
4AD0FCB3-3A42-4B05-8AB9-CC6F3413AEA5,1
4AF43490-7667-4B29-82F2-ABB0B0BCBA8D,0
4AFDDBB3-20E5-46E1-A479-4042DB8E05DA,1
4B11225B-2FAC-48B3-B850-78A03819ACEE,0
4B1676C0-9AEF-4D95-AA18-083EF62C0842,1
4B337C37-C714-432B-A1A0-FA009BA6A5BA,0
4B3E8F52-5A84-4C9C-B31B-25F3D498E55D,1
4B4227AD-9AEE-4527-888E-5D5009E4C5D7,1
4B4AD84E-03DD-44AE-86BC-E371DAC2612B,0
4B529821-E0BF-40EA-ADA8-B806AD5BF49C,0
4B6464D4-0953-4DA1-AEF4-C020408686A9,0
4B6C67F7-987D-4FBF-8164-E143F99BAA94,1
4B71AB22-DA23-4186-A708-C28253B42C36,1
4B7C03D0-7971-4173-9B3A-BED702E414D5,0
4B7F0E48-E99B-40D6-9ED3-9FFDFEF67FB6,0
4B9DBF0B-56B1-483D-A0BF-A339B00B25CD,0
4B9F2E6C-0E66-4E55-85B4-E12C7D682FAA,0
4BB1D601-8AB1-4B2C-8578-C479071B2BC7,0
4BB7E376-4719-4FEA-B969-29D72D51DADE,0
4BDA2F0C-45D3-471A-831B-2F9DD208A24A,0
4BF40B59-1AD3-49E3-A18E-BC8CBEB3782F,1
4C024B98-79D7-4A60-AF11-68D280FF4A51,1
4C0C4C04-F0AC-4E44-9BB3-F03180575920,1
4C1DBEED-4DFD-42C6-B83F-E92BBE606076,0
4C2D283D-0EA5-40DE-BC27-5170AD3958B3,1
4C3E3317-9340-45D2-953C-68E8282E3EB6,0
4C632BE6-EF99-4AA4-B9F6-194955ACC253,0
4C68B755-34B1-448C-B1AD-A6A9D81ED0C4,0
4C6F80A1-F00D-4D7B-8B67-296B2DED76A0,0
4C789DD8-F1C1-44FF-B961-6B4B6033297B,1
4C793C7E-7666-423E-BCC1-1E174C22A6D4,0
4C79C557-038C-42F8-A4E9-4F933363BA34,1
4C881598-EED7-4059-AA5A-1CF80DF35E6C,1
4C95DB01-96E1-486B-834E-E7397324BD6E,1
4C9EF76C-70B6-4245-A7E8-89215933461E,0
4CABD1F9-2B3F-4A44-8D0C-277AEF81D90F,1
4CB00822-F61F-418B-BA2A-02F1907F209B,0
4CC44AD9-6193-4973-A44B-4ABB1D894CF2,1
4CF48FD8-DBB2-4D08-B0BA-A7A154D53F34,0
4D0196EF-8C76-4978-8366-A452AE7739A3,1
4D2ADB5A-C878-4D3D-9540-1407EC708276,0
4D31EBBF-2A8C-4811-B150-809B1ABA312F,0
4D36573F-4DA0-45F7-A75F-378B0BB7C532,1
4D750212-94BC-4A87-BD10-50FE452DFE45,0
4D8602BD-9DB9-4A8C-B32A-1CACBBE24D98,1
4D9C3F6A-DAE5-4EC9-A7E4-31F20E175DED,0
4DBDC9BA-4229-4DDF-8B37-E8093068C5F1,0
4E316835-FEB3-4C8B-B435-8D3B7EE55088,1
4E6DECB5-A76B-4C85-ACD1-3F5D62FC4E43,1
4E949D9F-0DF9-4A20-8CCE-B11BDD41AEE5,1
4EBC8D21-E9D7-489C-B7FA-9BFDFC3AF323,0
4EC90E56-5B52-4C0E-8463-F7FBC03F32D5,0
4ECDBB6D-ED04-4640-BCE4-689A43D33782,1
4ED716B4-9458-4CC5-97EF-24C6292DF45E,0
4EE08F19-557F-45D1-B4F6-B9F37D249705,0
4EEFF59A-838A-4258-B4AD-78CD517F07C0,0
4F015B85-0794-40F0-AF08-BED1B07CCEA5,1
4F0DCF28-47B6-43AD-B184-A90CC9C32DD4,1
4F0EAC05-DB48-4B63-A79D-204D75F5DBD8,1
4F2CE374-760E-43DE-ACCC-EF40D6E74AE0,0
4F4AE594-7978-40F2-95F2-7444784D71C2,1
4F5412F2-09DF-473C-ADD7-96E66947BFFE,1
4F5BC96F-1968-44A2-A291-F37853038922,1
4F86EECA-9DC4-4A8B-9CA4-320B281D9771,0
4F88538C-C83B-4D25-830C-F1F52A7F950D,1
4F8D161C-679F-4C41-998A-3CD094BFEE84,0
4F9500E8-DA2F-45AF-9051-211324E5935D,1
4F98C4B8-77C8-47C1-A218-8A6DEE0F57FB,0
4FA34EA4-9A94-4BB5-8151-144D1A0C2C56,0
4FAA069F-677F-4ACF-A33B-CD687FD8C1B2,1
4FC95042-537C-4069-9FE6-DB72DA02509E,0
4FD72C72-07E7-4503-B728-06659BF5F6BE,0
4FE30C56-3A9B-4978-B751-B4F53A31600A,0
4FF5B0D6-CD06-41D0-AF24-C63692FFD241,0
500F32AC-339D-4403-A2C8-4E63F769E64D,0
502A3365-1D4F-43EF-AC7A-266D6B7777F3,1
502ADC65-2C22-4DE8-B412-AFA27444A88F,0
503AAA2C-2BE6-4BD8-8F94-322E21F79AA5,0
504BAC89-352F-424D-AEFF-12486CA7E0AC,0
504EDAE2-47C5-4E5E-9CD6-A5CDCCE7BB76,1
509AC99E-084E-4DD3-AAA4-3BBE8DDCBC75,1
509FBFCE-AC6B-46F2-8B62-B1E5204ECBD2,1
50A55541-ACF3-4D29-BBEA-090F52E17EE0,0
50A866B0-5039-4B84-83DC-9411D9114C98,0
50AA0DDC-CEBD-4A8B-B646-3573B0DDF418,0
50B27DC5-2C48-4E2F-A112-1D03745B4D3C,0
50BB7843-9619-4269-9431-D0E231C6D4D8,1
50C7F229-D2C9-489F-8D06-C61F11BF9578,0
50CCABDE-1C3E-4297-82C1-9E015E65415F,1
50E58352-6D42-4F01-9DFA-8056183CE748,0
50F2A984-2D1F-4C6A-8899-73F5DBDAFC84,0
51259CEC-A0BB-4E89-AC74-723888DCA9BB,0
5126105B-754E-4F7F-80B3-26702418CF48,0
513BC826-720B-4A84-B425-86628C71940E,0
513E17BD-18E3-4F11-8151-2F241F973A65,1
51437CEE-D645-488B-9076-E8DBA00EB46C,1
5175A12A-D121-448F-8254-25E1123E6A10,1
51803D31-D58D-4ACF-8509-AEBB7FFAE4B9,1
51ADB81A-452F-47FA-9521-FDCB2229C2AF,1
51B32B72-A36A-4C65-A7D2-63CDE8936C5B,0
51BAF850-8278-4B7B-AA0F-7E07DB94A865,1
51C84273-4A5A-4C3A-AADA-4E4DB2491EB7,1
51CE9528-135F-47BC-BD3C-C1B2C7BE155B,0
51FA07EF-88A1-4474-B3DC-22F9753C54B9,0
521DEE58-84B7-494F-B835-47665605D91F,0
522BB57E-B6EB-4BCE-A469-6BF7EB81E9E6,0
5244F72D-CE42-4FE6-90E3-D6CA1EBA1075,0
5262EEB1-A701-4073-A455-7D33F04BEB2D,0
5263B021-EFF0-41CE-8DBD-1DCEE962EE42,1
52828C26-0B8B-4371-9ACD-F828E71FEAFF,1
52834958-7235-4A64-98CA-04F2F3630E77,0
5283EC1D-C001-4AA6-A3EF-C350B452CAFE,1
52849BF6-6375-4F07-A03A-BD4E72681C51,1
52905DDC-7A4F-453D-93DB-69A9466E6E87,0
5294E0D8-5DE4-4965-B378-4E4A18E6F59A,1
5295399E-9844-48AF-8150-C642BC9B2AAC,1
52AD17DA-3CC7-41A5-934F-B7C12EE42CF0,1
52CB8219-4B31-4769-8967-3A4C930591C7,1
52D1AE6A-9E2C-43F6-AEF4-A1DA1A357FB2,1
52D42295-7F81-4E37-A031-D27DD3658192,1
52D850E2-2C49-4E92-B419-63119D49A8CA,0
52D9ED81-F5E3-4B05-98E3-3F8F0660CFCA,0
52FE5948-A908-48BE-A83B-D85842B9BF0D,0
53281231-09CF-4502-8050-6652DF0D8047,0
532BA8C0-4DBA-47F3-80D5-8FE2326F036D,1
532E3354-C6B0-4C03-BD42-58FBE8227007,0
53331A94-1B39-431C-ACA1-48A6B4709995,0
5337ED59-76F8-4D2E-A996-AC76F42B3B5F,0
534429F5-356D-4B3E-80BC-6AAF25838305,1
534B931D-0F8C-4DE0-B3D2-F7D38D6F1860,0
534D82B9-C83E-440A-967E-B7741C558DA4,0
534EAEB0-80AC-41E7-A623-4CBDBD168138,0
535F6803-701E-47FF-9AA6-01EFDE767D49,0
538C2ACE-4C64-49CA-980D-2A75AE50AC31,1
5391C048-3616-4195-B92F-358AD3D10D66,1
53A2B8CF-8A35-433F-A01B-5EB04DC1121F,1
53A3F7C3-BDD2-4C43-AB56-C6FAFCD78512,1
53A9B22D-3F11-432F-A6D2-5AEF721CBD95,0
53B60980-690A-4027-B8AA-7AA36E5DB68D,1
53B72F2F-33EB-43E9-B1D7-D29687479194,0
53C06179-7D0A-4A78-A1C0-8E0EB7097902,1
53C53EE6-C910-4D93-A048-63806DA16DD6,0
53CAE6C5-82D7-41B0-A106-79E28E4D9BE4,1
53FED5EC-28DC-43F8-83B1-D444F876B692,0
54505645-5222-44E5-9B89-103DC2155938,0
5457E23B-5B1D-4C04-9DE4-4942B3B4425F,0
546AFCB1-C037-4114-A084-16E2E945F6DA,0
54862A42-0BCC-437C-81D3-AF75F208AB4F,0
54A21C27-2E5D-415D-8C6D-72600502EA88,1
54A4F536-B8C1-4A8C-A126-D71D51758E74,1
54A6683F-FE03-4A6B-BB3B-4BE3C4D01D12,1
54AB1F28-3C6F-4154-88D8-CB2D60A8624E,1
54D0CB30-BAC3-476B-99FB-C3FC63378405,0
54D58AAA-A9FE-45E3-BAF5-58F4D7E5826C,0
54E63E6B-D8BB-40D9-BF2D-D131DA596C00,0
54EF1817-ECC9-48AB-8532-F955CB3AD1FF,1
54FF5D57-9685-4630-922B-812C7084CA31,0
55153C16-B638-45EA-8DC3-0F4DF278AB71,1
551FDBF0-24EF-4E52-970F-C3450D90D9ED,0
552F954D-A58A-4846-A1A5-8879F488E325,1
55367E89-5BAA-45F2-9B5B-0551A2689F37,1
553756C2-7049-4C65-A225-49B907611987,0
554573D9-AA70-46F6-BCCA-FB9FDE5413A9,0
555610CE-86FB-4434-A0C5-485A5AAA92E5,1
5559DBF3-4DB2-4EA8-A075-24C31FF34F93,0
5581D1E7-7497-4147-9240-7DB099881D64,1
559F391B-A4AD-4CCF-BD10-3D7EA7A810A6,1
55ADE8DF-43EC-416C-A31C-84BF994B65F5,0
55C9441E-595E-44EA-9649-771715D276E7,0
55D28FFE-C51F-4BB1-B142-39C97D78DF70,0
55D6B3DF-33E4-4162-96B0-B0100CA94541,0
55E222D4-0F55-4AA8-9E24-A2CF69A1344D,1
55FB755C-2F4E-4571-8806-213FEB5A0586,1
56045DFC-2EA6-4032-8F0C-F9F330B76C33,0
560C5EF0-E2DC-4BC4-87DC-C4E9DEDCB085,1
560DB31D-2C3E-4996-AA96-CFA5B23EF01B,0
5633FCA7-50E1-4846-AB63-DDB3607F41E6,0
5635B729-B82B-4E04-9397-2B36363071B7,1
563A9798-92E4-4AE2-B965-813686418F19,1
566EB4E6-E55C-4073-8354-053C478DC010,0
566F64D1-D429-4E3A-92B7-A36666259460,1
567B4E58-7216-4E14-AC44-5224B8DA7AC1,0
567E117F-8B73-4416-B9C5-089A9984FD0D,1
56B03F9B-6378-44DC-95A7-84926F7F2945,0
56E2EE0B-3B05-4A64-9858-1259E82BBD91,1
56F26403-3CFF-461D-84C4-332E63D377ED,1
5709CA75-F21D-48A9-9277-48D5C390A395,1
570FEC0B-1264-4662-A9AC-38EF801AB977,0
57161DC1-375A-449A-BF91-2D5D8B4AB5DE,1
57219FA1-997B-446B-BCCC-D9ABBF13F0F3,0
5721CABC-5551-437D-B3F0-463F2457C426,0
5733DE50-1CA3-4F59-BCB8-32CA58715505,0
573F6EFE-B806-4DED-8ACB-7D594C4C18B5,0
57464351-1A6F-4CEE-9550-03587B0D79EB,0
5754EC78-DE19-4070-A263-D82EB19F3BA6,1
576047EC-33DE-4EC5-9C0C-6F6B3D75B7A4,1
57609800-FC0F-42FF-A6EB-CBA58A9C1153,1
5766C80C-9D8C-4538-BF05-46ACD3ECD2D7,0
5769CD18-1093-4081-BDB8-625214B817AC,1
579D4EFF-4D9A-4C17-B1FA-325291DE1BE8,1
57B73548-E3A4-42E9-9370-B2ADE9B592E0,1
57C17133-2195-49B4-9233-5A44A59E2F84,0
57D88769-C151-4269-8D0F-82955A070F5C,1
580A0819-E95E-4745-9D3A-F776B309D640,0
58251E59-B168-4D14-9580-DAABE0B56903,0
582B0744-1AC2-4ABF-963D-458C313368FB,0
5848CE97-9EB9-489F-AFAA-0CB411389B95,0
5853A671-5B6E-4F02-BD5F-B11B1B8AC6E5,1
586A2D78-3B1C-4ED4-8431-55AADB1571F5,1
587D7A2B-E5DE-4051-B257-CD926815550B,0
588DAE2E-1D5F-4963-B7DE-66CA00D56E5C,0
58BDFE7A-A4FB-4755-9680-4A49968EEBC6,0
58C1745F-B3CA-450E-90A3-9A67738FAF14,1
58D3074C-D4BB-4807-9A33-87F29CE435E3,0
58F02D0C-148B-4119-9A91-A584B25080E6,0
58F90E42-1C93-46A3-B3E3-37542DE0F823,0
58FA1582-0244-4CFB-900F-778F4F7D247A,0
58FB5652-C3DD-4C23-B8CD-1955C38E2A70,1
58FE1820-773C-49C2-B8CC-8606C1C7F8BE,0
59015F25-0C16-498F-8967-8F7A35ED8821,0
59040850-8AAF-4B4F-8640-2CB22FD7061A,1
591DBB8F-3590-4F2F-A2FC-AD3F5731AD16,1
5931D30D-881B-4E62-9A1A-D32C10E7EC66,1
5950E772-22BD-4D1E-B994-50C04B62A8B0,0
595C2A6E-B1A4-46D8-96EB-7971A43953BB,1
59647283-B38E-41BB-831F-057286DCD1C4,0
596E16B4-8FF7-439F-A71A-879A64F16B66,1
5970377D-BB6E-4E54-94C7-181E24A255A9,1
5976B339-028E-43C6-91C3-8F5088052CBE,0
5995A745-3709-4003-BC05-C17284F66DC2,1
59A1734B-3DE8-410E-B50F-1809F934810F,0
59A337C9-DF37-4B90-9647-21D7EB043E1F,0
59CE2869-17BB-4E2D-B40A-7A37E47EF50A,0
59F34CFB-79E5-47C9-A122-D2BDE7629B7A,0
5A4D4343-C21F-433E-ABCB-3CD4D1B889CA,0
5A5E1F6E-1DCC-424B-AAB2-F057B0D86E3B,0
5A6708AD-CD10-4BAC-85A8-C14D1F5AB683,0
5A6D1AB9-5E92-4E56-8C8F-140CA433C374,1
5A7A721C-9D19-4646-8C24-F95D5BCF4740,1
5AAC52FD-92C7-4D15-AF08-B17F800B941B,0
5AB824F0-F0E5-425B-91B5-2ADF1ABEAD03,0
5ABD463D-F68D-480E-84CC-46765FB25654,1
5AD8DEFD-4D6C-4E58-BF0A-11E2A3747D2A,0
5ADF2095-2D0B-4112-A763-C282A1B9A5E3,0
5AE22138-5DAB-4F71-90FF-CEE82088B79A,0
5AEACFE6-1F85-4A8E-A782-88997F7F1251,0
5AFCFCC3-90B7-4CAF-8D43-853EEACAC2EA,0
5B4B4CEB-8234-4341-B2AE-214292433FC5,1
5B5F8A85-D314-469D-972B-E5F28537A0DD,0
5B6C5C27-AC4D-4A79-9414-5511D4A59C55,1
5B8F95CF-568A-4461-B1C8-6BE47EA0B8BF,0
5B909ECB-63DD-4301-BC18-353EE3DFE5A5,0
5B97D81E-D10F-4D4B-8AEE-C14CC8E6298B,0
5B9CFAF6-65CD-4466-A33D-37D9036D1DA8,1
5BAE84CC-D5A6-49D3-B7F6-A9B67DD167A3,1
5BB849EE-8B6B-4461-A477-45D54FE72D25,1
5BDC8B8C-4771-40F2-8CBB-E70AB749C8AF,0
5BFCAC10-55D8-49BB-9D3E-E68E5E9D165A,0
5BFD9D6D-B21D-4F31-8829-0636300987F0,0
5C2A591D-F365-4EF4-8D67-5DC7C993D22D,0
5C367525-689A-461E-A010-ECB165CC7049,0
5C3D7D1A-3B52-44F6-8E2E-A3A9A025A6E6,0
5C3FAF4C-C2AF-4478-BDBE-34736398C566,1
5C541205-A4DF-4C39-B816-74D941E5C176,0
5CA15EB5-0C8E-4402-9B10-FE0A87E15CE5,1
5CA3D9CF-7E53-44C8-AFA3-097639BF93AB,0
5CD2BD4F-551C-4251-9F37-B1D2A07A04A4,0
5CD30ECE-B486-436D-A15A-DAFAAD5C7001,0
5D191439-D744-4471-A36C-98A75B9ACFC3,0
5D3ADB24-22C1-4079-91D0-46C7583670AD,0
5D418F0B-C233-4E5B-B79A-925A0E8F6DDE,0
5D49D72C-8A26-4D1D-9984-ADF30DA46382,0
5D53CA9B-908B-49E5-8F37-5AD94E180F22,0
5D611247-B37D-4735-BDE8-601AB0039DDC,1
5D88C7AB-45F0-45FF-A114-543EC3571F28,1
5D8E81EA-0595-4AD4-9ACA-4107427D587A,0
5D9AE3D7-AD95-4F00-9AD1-017D2BDDF9DB,0
5DB8B025-84E2-4091-A98A-E067EFE62875,1
5DC32A6A-5D29-4DD8-A302-63EDC31F44D2,1
5DD8A3D6-EE6B-4A9F-B8E5-355E0E5442C6,0
5DF9CBBA-E546-4355-8534-B55F45015BB8,1
5DFC1767-4D4E-4F9C-858C-47A76863B8E6,0
5E19FB81-989E-41AC-BB89-4C4F8AAE8B0D,0
5E1F5557-87C5-4755-A1C4-58A5B4C3D0D3,1
5E4CC7FE-EEC6-44B4-921E-6F0F386CAA7B,1
5E621AD0-4DCA-4427-B00C-D4D2E225F65E,0
5E6F595E-6CE2-4027-AE11-41837AC436BD,0
5E819D71-B4C8-452E-A64E-B9A513D7E743,0
5E962C54-0CFB-4D72-AEF4-FA0838930C45,0
5EDE1A93-CB79-4F64-A86B-24239EE05216,1
5F0CB421-A7CB-4C08-8D42-E3AB79BFC549,0
5F2628D3-D1CD-4D6A-A960-384113D66509,0
5F27A97D-72DE-4D83-B5BC-C6232915C50D,1
5F300E62-6A92-474C-9B3F-9DE997674FD9,1
5F37874E-DAE3-44EB-9562-9AD237D8D39F,1
5F428085-CED7-49D1-9B3B-7025DE4F93C2,1
5F46FFC3-DC35-477C-A685-903D93AE187A,0
5F5DDADF-BFE4-4AD1-B91B-E796A90A5453,0
5F6CD834-93D1-4891-819C-62755C7F3D3E,0
5F7FFC62-6030-4F54-8A4E-64B7B74A324A,0
5F9AC790-0001-4B41-8E9E-8074147B9B31,0
5FC37BBE-1058-420F-812E-FE58B40A3C76,0
5FCE0F2D-B976-45A1-A541-89E00B4975BB,1
5FE1F5A4-E89C-443D-87AF-97D9EA22373B,0
5FE79715-9629-4D35-A9E4-554E7CA8EB27,0
5FF36D58-089E-425F-A6DA-6D75E5AC7ACC,0
60082116-7E72-4CDD-9B94-B503EB137F68,1
60613AA8-6D02-444E-A54C-5943D13F8E77,0
606853D2-E0BF-418B-B585-C39D0A6B5D77,0
606BF65C-79E8-4D10-89D7-BBED1E1881F5,1
609CA759-BC31-4411-A398-A67CA9E99604,1
609EA0F0-61F2-4116-A596-7EF729938C66,1
60A19FD6-7287-4A22-8FA0-14D3A8738B56,1
60A7A478-1E53-44E7-BB1E-8014BA7DBB8A,0
60AD8415-C87A-4C87-A5A6-A94C9065E04B,0
60B3507D-1ECA-48EB-8F23-12F54EFC40F0,0
61089319-5BE3-471B-BDA8-D3000BC143E3,0
610C0B7F-0C89-4575-B7DA-2C6DA12A1AE5,1
6115CE37-649F-445D-AC9B-292CB6BA7B31,1
614AF4B3-CBD1-43BB-B152-28A5DA63B549,0
616CF879-0C0E-42B6-A4B6-4CCCB446369E,0
6171D7C7-F8BC-4C72-9BA1-9090B33FE6E7,0
61A36651-FD5F-4970-B252-6C929F219B70,1
61B3C2F9-D63A-43B6-AAF9-00E20292AAF2,1
61B9B91D-1ED7-4D88-A7D8-DE7F2440BDF4,0
61BE6F57-58A5-4D55-9B14-A7A89D96A2EA,0
61D05F12-31F7-4A83-997F-95C07402E428,0
61E3780C-0912-4B3B-950D-1562F1F90DB4,1
61EACE41-CA9D-4308-8237-0A3AEFB9D471,1
61F4AA50-B86F-4228-A31F-2AF265474B8C,1
6209764D-4B3B-4F5D-96F9-07D9307C9011,0
6232EFB8-7B95-4D8D-9076-4E3CB6E2DC15,0
623BE1A5-461B-4E45-BB2F-6EAA17324FA5,0
623C9BFE-CBB0-4A00-9F58-8DEA19033DB7,1
6261CE07-8697-4696-9D08-E063ABD6BEA9,1
626217DB-D597-4D22-865E-7EED188C5310,1
626B421F-6D64-48EB-9431-743D3820158D,1
6273A714-DCC8-485E-A79B-DC8E7A9A9EE0,0
62741961-4370-473E-8BA6-2E3CCDFA7D56,1
62902C4E-DCD0-4AAB-849C-F51B31215447,0
62974A43-8AA1-4549-97F3-639BC5E28819,0
62A57AD8-D71A-4162-82D6-862F48C50B08,1
62A88FBC-16F5-4B5C-9E4D-55E86451D4FE,0
62BBB5E3-EFB6-4E66-B648-4A0D0F540BC9,1
62BD499D-7DD5-48B8-899D-1C385D0FA2BE,0
62BED2BE-7757-4A18-B0AD-7FBA98B54D34,1
62C021AC-3328-41C3-B4D1-F10D61B78BD4,0
62C35BFB-83EF-4877-B372-562C2A1AB1A4,0
62C3837E-EF1B-42E8-B888-5964EBF4E55B,1
62C58F5F-5FA1-422E-AB92-AC22E9E665D2,0
62D4C25B-8E3F-489C-B80B-13FF392078BC,1
62D62681-56F7-4418-ACB7-35FE2BC6574E,0
62EDD1FC-A8BF-44BD-9885-B0C71D5F6C86,1
630657DF-CA19-4B00-9801-4336965A92F1,0
63076E6A-5FB1-4444-A348-53B5839223F4,0
630CAA86-4F59-43B3-AA6B-8CE3B4502AB5,1
6318EBA8-15C9-4437-BFD2-F89B9965B256,1
634C8CAD-11A6-4C58-9BD2-9E2A57959F17,0
636354C5-FBA0-444D-B6E6-CAE4A5F80614,1
63702D97-66F8-485A-B192-E0FF947AB4F7,0
6399006B-A747-473D-9752-6E0996586F20,1
639FDC17-698F-4D05-B7F9-2597F7FBEA67,1
63AD9487-4C80-4455-8307-39D7D9597739,0
640D1FFD-A753-46A7-87DA-F2531257B365,0
641CE66C-DAB3-43FD-A014-F3CBDA653097,1
641D35DF-2B00-49E7-A6F0-C28E72AEE527,1
6431BB26-69E6-4028-9940-35F046CF4B8E,0
6432F97F-C338-4917-AFE4-743550EFA37B,0
64506EB8-5EA7-491E-8674-5738DD8422A9,0
64544B18-16F3-4E96-B827-A08892993AE6,0
64881C58-56EF-415D-8D73-DA06ECE8994D,1
6489F92F-73ED-4CC0-BA6E-C84653B71605,0
648FBA38-0AED-4C7A-8466-D3EA46E30D92,0
6498D812-B293-4F49-95D8-845A3F45B103,0
64A6BC1F-8C02-4C72-BD0B-12BDEA472F3E,0
64CD4624-3738-4E2F-A733-4890894F6AE8,1
64F32E43-2635-47FF-8F9A-BEDC083F47C2,0
64F8CA67-224D-4AAE-9E2B-9217E25A3F35,1
64FE2261-4B23-4EC3-9DD8-49034DDC5F8A,0
65290DD9-B21F-45D8-8D3A-35E5C65B389F,0
65541848-B82B-4A47-80DE-1EEBCC8B258F,1
656DF8EF-822C-4597-913A-09454D655508,0
659ECDA6-AD7D-470C-988D-140960832C35,0
65ACBFE3-C03F-40BE-B0D0-1EAB9C526D5C,0
65B2B3F4-B791-4958-B972-E13D65A9785F,1
65B622AD-4202-4554-93AA-F51AAA343EF7,1
65CEFB92-995F-400E-90DA-F78FA22B4DD5,1
65DDDC02-8729-4654-9D5D-4463EA51DE86,1
65DE5D09-15E0-4496-8C0F-4D35B3760B3E,1
65E5CEC1-1816-4770-A46C-2D23328A23DE,0
65F0BB08-4F77-42AA-B8C3-412B3CB8C021,1
65F2D344-EF11-4574-9404-83CD177413AD,1
660A489C-834F-4573-B955-9280396ABCAF,0
66116312-364E-426C-9EA3-8525EF8A8F8A,0
663DD6A1-1A63-4A4D-A4EA-ED9F13B09320,1
664D1AA6-A46A-40F3-BB07-2D04BDE58F1E,0
668370CD-2D2D-44E5-8389-C7BB7A9969FC,0
66C646CC-4D69-4455-9683-953099E2609C,0
67150249-F270-44EA-BE80-DCEE4C25D9A4,0
672DFA4C-76F3-4EA7-B4CB-909C22E9171D,1
673345D9-911C-4875-B920-F34659A15DA4,0
6733F9F6-3331-487F-B41B-3B7DC992AF1F,1
67543CAE-CF39-4F16-A6BF-E97E65164AA5,1
678170BB-14DB-4FFF-B6D0-BA41E22B7044,1
67A66705-0A7D-4BE7-AC6B-F693C719EAA8,1
67AABB4E-470C-4C7A-B1C4-AD4EE486D387,0
67D457BE-DE44-499A-9FA6-1E856EF8A567,1
6817B5F0-518E-4BCA-AB55-FF9B6D04F946,0
681DB495-217C-479E-9283-86A92BBB93ED,0
6824054C-7402-4FF0-A657-7DE17DB073BD,0
6832C9D7-2E22-41B4-9869-983F6E506845,0
683B02DE-37C2-4FEA-81AD-9739193433EA,1
6840F149-4127-4733-ACD6-C3FCB78DC589,0
685A57A3-230B-4392-9523-5C054EF211B4,0
68669017-6C34-46F9-BFBB-591C4D11F4FB,1
688AA476-1E1B-4AC2-8988-87D1A25E24C3,0
68AA55DA-0E77-4CE8-B2E3-B7BAD0749E5E,0
68D2ECF4-7C94-426A-8A00-5A4CEC596D18,1
68EB764A-A00A-4083-854D-1D2A3E7F14C1,0
691FD972-C69E-470C-879E-E5D14B570DB9,1
69226401-E46B-426A-8899-3A64A03DF01D,1
692803D6-DB75-4BB1-8DD6-A82530E30C25,0
69302752-657E-47FD-8709-A7C5E45E03AB,1
69411F2C-C2FC-4201-8485-1698075341B6,0
6943B4E1-E9C9-4E96-B962-7DC155222349,1
6944D67E-2C2E-406D-B380-11A391A22FBD,0
696246A6-024A-4552-B111-B2F2D2B5146C,1
6972F803-53E5-44C7-9957-089339A7C87A,1
69A0F523-0690-482A-ABF8-7F536AF4ED88,1
69A6AFA7-DE1B-4C31-8C63-5455E4062A2A,0
69B3FCB5-D1F9-4B32-B1F4-3E15D1FB001C,1
69C9AEDA-D368-4FAB-A7C6-ABDA555339AD,0
69FEC7E1-3A38-49ED-A6A8-2ADD73520494,0
69FFB27F-2509-4DE6-BA87-34AACE8DEF51,0
6A03E4B7-FEF7-456B-8F98-7AD77477433F,1
6A05B7BB-1CD9-48E0-BE1D-2CEF478B971D,1
6A0CA2B3-6BAF-41CA-899B-9F08E2081723,1
6A17ED53-FABC-4991-BE27-49D7B5AFC5E0,1
6A1B66E7-3645-4781-BD22-587B4308FCB2,0
6A505EDB-3CC5-4E35-90FB-82D1E83ED5C3,0
6A517CD6-5A01-4793-A6D6-A00628075930,0
6A6775C8-88E6-453C-A839-42B1A1221567,1
6A926E01-A392-4433-9B32-2DEE1058B192,0
6ACCA557-DF18-4832-863C-5267EEE7B88B,1
6AD44EAA-5DD9-4107-91F3-12D28EAA125E,0
6AF4B910-41F2-4FCC-8F75-133DB4F29DB3,1
6AFFC04D-3FB5-49DB-8D1F-A6289B642FCA,0
6B047540-02A6-4A7A-AFE8-1E55959BE446,0
6B1BC926-6F4F-4072-A722-B3FEA2DD25B1,0
6B3A9054-DF8A-4E62-8D3F-0CD5E9708B67,0
6B766317-0452-421A-B9F7-85AFB288CF64,0
6B7693CF-AB28-4DCE-916E-5C34541670F1,0
6B7FB677-4BD8-4C70-AB55-28C44FCD6B7F,1
6B9573C3-EBCC-4ABF-AF13-0AB18440357C,0
6B9E3718-153B-42B4-92E1-A695392D1161,0
6BB2FECA-4B8F-40AF-960C-83905DA3E535,1
6BD5D9B0-DACD-4507-ABC5-4153C1B6334E,1
6BD6746D-A096-4DEF-890A-2C2959110742,0
6BEB7B10-9E02-42DF-A257-087EA974BAD9,0
6C11040C-46FC-4241-BEE2-4DB7D5D994D8,0
6C3529E3-3151-4230-9CCF-215F81BC5DD7,0
6C40BA22-48FD-4881-8E91-20ACBE948B2D,0
6C6B2E11-8C2D-4A1F-A2B9-5A32DD316EF1,0
6C7AE68F-F70C-41CC-992B-D5E87B0416B8,0
6C7B93EE-0D3B-43A1-90B8-A81F5D9FD785,0
6CD5C137-51AA-4618-AF3F-F0E9371B4C16,0
6CDD551F-2664-4A60-858B-6C893CD9949D,1
6CE2A901-A7D4-44E3-81B4-93AB882A3517,1
6CE51AC0-90A3-48EE-9D8A-CC251C670E71,0
6D0F7FA9-F9C0-4C6F-9FF6-E05F6CC2D40A,0
6D2AE271-9B08-4A7F-B54A-14E5F8447612,0
6D3CDC1F-078A-40FA-A8FD-07B9A2D02382,1
6D42E9F8-A7EE-4FD1-A916-F7A3F5F95E9D,0
6D43C7E4-9230-4780-B103-8D3467560372,0
6D4E5D6C-E035-476C-8C71-B665A5894A05,1
6D57FE89-4842-47C5-B2B3-CFBEA04C409E,1
6D5DF947-DECE-4365-B34C-6D487C291DC8,0
6D8E5A88-44EB-4040-A59B-BCB7718B2FBB,1
6D911FF7-1DEA-4B66-8B97-1465D01FC19C,0
6D95183E-B78C-4ACF-8EBE-E68F170C3C34,0
6DACD422-8A6D-4797-A6D2-1215FA7F3DDD,0
6DC34BA1-AD01-4C3D-B440-2A88D8A55F22,1
6DDFB7C2-C086-4FB9-ACF8-AE8D1CB1F079,1
6DEB5E50-371C-49BE-BAC3-BE9E1CEDF230,0
6E0DFE50-0FEC-422A-9FE6-B9D0945ED966,0
6E160716-C1C4-4D9B-B14A-12467C1FE497,0
6E23C073-1346-4765-896E-5C9AB347E8C0,0
6E3CDF19-400A-4F96-9BA0-755869060A90,0
6E45CBC5-D9D0-46AC-9812-7532459B296E,0
6E5D8AB0-72DB-4099-B7E4-2574C6297D1C,0
6E6FAF52-69CC-4022-8DEC-3E54945FE3BF,0
6E78DE80-7FE4-43EF-B98E-F1B25528D3EB,0
6E7D0647-33F9-483C-A863-C765328262E5,1
6E86FE94-3CB1-4CDE-9304-A8D2F4D6D309,1
6E8ED134-4966-4F0C-8DAA-1BE82101C417,0
6EA673C2-BBA5-41C3-8E0C-8F527EA34EE1,0
6EC0054E-3404-44FC-8EE6-18197E8AC3D1,1
6EC8577C-5BFF-4FAC-B00E-AD3FCE953F87,1
6ECD51B9-3CE9-4130-8F15-3F7EA016B0D3,0
6EF8DADB-34B0-44D0-A7E8-14CFB03478D3,0
6F0A2918-F4B0-4E1A-9935-6FECA9836DB3,0
6F1D336B-28ED-4086-9B2D-56C7A455C03F,1
6F375CC0-9AF8-4A7F-B59D-BD8FDB23458C,0
6F3F5147-2A22-4093-AED1-0B6EF4CE08A2,0
6F57D0C6-8BC1-4606-81C8-ADDC5246CA83,1
6F5F1B93-FC03-40F8-99CC-3696E5C0A4E0,1
6F82774B-A1A9-4604-B429-D39D1A2E0F18,1
6F90D487-BD19-4F23-A11D-A39B4FBC06D9,1
6FA179DA-C90D-4299-A4A6-353F6FB67E6A,0
6FA1C8B7-38F7-4F33-804A-1E8119E129E5,0
6FA43C6D-4471-4237-AA0C-9BB4C0E2169E,1
6FAB5D97-222E-4C9E-AC76-374AABB9F4CA,0
6FC1F2DD-B82B-4DAC-B6BF-379C55F4CECA,0
6FC31444-40A2-4949-838E-4341B47E3260,0
6FCC46DF-9F28-4593-993E-CA4E3D7CBBB6,0
6FE80A09-A463-4382-A8D2-E26F0C14D478,1
6FF8350B-C8C4-4AFF-98EE-8CB14B0ECF83,1
700DDA35-DA2A-4045-A94F-2BDC0B7CDAE2,1
7029899D-BEBC-4259-8CE2-6296E3D3F7ED,1
705235F2-91E5-4B44-BADF-0B3224168A22,0
70728EEA-5C26-43EE-A35A-B78D531CB6FC,1
7083D99D-3068-4ABB-A8E2-8F0EF0A3E950,0
7085C21D-9A03-4EC3-A7C5-F0F7A5995151,0
70A14DFE-3B5B-4B3E-BE04-8179B8B4530E,0
70A30621-97A7-4E01-B7F1-42EBC4D3949D,1
70E6DB5E-7EC6-4863-B844-0DF590D32ACE,0
70EC4432-1411-4C37-AC11-2AD787467EE6,1
70EEBD65-E657-4FBF-9D46-088F140F03DD,1
70F686A9-DC69-4F09-9238-F6CA92F077A6,0
70FD0146-D3C1-49C6-917B-1ADA719B2C16,0
71197318-ECC4-471D-B7F2-90EC50BF76DC,0
7127E62F-0A73-4B0E-8DBF-5161A434564F,1
712C94DF-0339-4CE4-9BD7-6DD5BDFCA7C6,0
71546CD1-BD10-4579-8B9C-8EC88CEA348A,0
717204E7-B4E4-4255-B059-966A88DC783E,1
718E18E6-8120-45DB-86C8-5EC9580E0C7B,0
7190FFDD-5386-44A5-874A-EFC15704FC57,1
71A76F85-F368-467D-AC64-37005520F795,0
71C32D08-11B7-4617-A390-49C1DDDAE05A,1
71E83044-D74F-4BE9-9499-5D4F08EECEFC,0
71ED1945-AA64-4B93-A147-1EA23E9254D5,0
71EF121A-786C-4FA9-88C3-4B1D7DEC07C7,0
71F06706-3B28-453E-A400-EDE64DC2FB53,0
71F3F534-ED25-4832-90AE-941EB55A1C77,0
72093F63-C234-4AB7-9CB1-5349E75DD807,0
722FCB73-B71F-4CDF-9223-2528B40CC537,0
724E512C-71E3-4E73-8C98-327E5F3E5A66,0
727A0302-9776-4A9F-B2BF-E6A8F7749304,1
728230A4-25AE-4409-920E-1D50E54BA2E8,1
728A2363-4AA5-4FA2-A7CB-BF48D81B872A,0
72B7B996-E710-4E43-A21A-2D2A91CFFD90,1
72BBB9CA-1670-4996-8136-F920552279AB,1
72D8DFA5-55DA-48C4-86AD-5ED3BB479B0E,1
72F60BB9-D465-47FE-8DC2-A6BDE8F2CA8B,0
732DAB1F-9769-4EF6-86A0-3B75E2354256,1
73487ADA-7EFB-4045-B322-5AFC073862F3,1
7361240E-5A4D-4A1F-A9B4-203E92A0E10B,1
73623606-0313-44EF-A1EF-1A58192574B8,1
738764FC-A4BB-4B8D-9BA9-6B36E934A94B,0
738A408B-FA81-4B5F-8F27-C6B4D50D40EB,0
7390EC11-A831-458E-93A4-E7ABE8AC72F9,1
73923FCC-E06B-48DF-93F8-80CC8BFB2819,0
739D58FA-72C0-439D-BA24-B4FA3D2E5202,0
73BB68EB-09C4-41F1-9231-99A59BD716C2,0
73C841E9-3032-40CD-91E4-B54DB172B3BE,0
73CDD363-5B1C-43B1-A240-7D1C52FA6D6C,0
73DF70F6-8EB2-4F25-A0B8-37042E63C11F,0
73FB8C5C-3AF7-4C81-B742-2F04B1259EDA,0
740CE0FB-6872-4917-A756-049582BB3F01,1
7411D13A-2A8C-4CC3-BD09-B8A8BD4601B7,0
7432946E-7D2E-44E8-A1BA-395A498E4396,1
74331852-9917-40F1-B227-997C94ECB4A1,0
7433CDFC-9D00-47E7-9202-A5C818E9E37F,1
743CAB8D-560A-4B14-A8E6-FEDB7E071B18,0
7449E57B-0883-4938-A0BF-699D3956EC66,0
74531865-A913-4F6B-A2EB-E9BD92528BF3,0
74673B86-8C36-4074-A3CC-E4389CF4B837,1
74A5ED7D-AD58-458E-BD65-62F4F887F7AD,0
74AAFD05-EC7B-4160-9E8E-600438349E00,0
74B1E789-4D10-48A1-9123-259C7BF87377,1
74E46EB2-C1B5-49C6-8320-54716F8C5039,1
74E7D422-AD58-49CC-8A42-1731AC5D127D,1
74F8F972-7258-4E3A-BA45-49755E153743,1
75038722-C574-40F1-B069-8CE703479B39,0
75259D6B-531B-4270-8E95-DD7313CB5956,0
752D48E7-643D-4AFC-995A-9C1AA52CD845,1
753C8C3B-B981-4598-8698-74997FC77BA6,0
7545166D-B2A4-4AC4-8847-4D8169666378,0
75529CFB-F6CE-4654-ACDF-414D891E5EDD,0
755EF67B-9CA0-4887-BF77-4F438F3B0636,0
7566F4C8-3033-4F33-8B52-E571A3BB365F,1
75687EEE-D2CF-4B89-BA62-B2AFB6B96090,0
757E40CE-68AC-402D-93EB-81D8F376D7FD,1
7585E519-1B8F-4CB7-A087-F641FA2A6B7C,0
75C9F686-FBE0-484F-B1CC-D5AF636A41BF,0
75CE095F-8573-4D8D-B2F5-406A4036D990,0
75F3C488-E210-400C-9FDC-E555884526A1,0
75FC5FB1-18F8-47B0-9BF4-6DA02AEB8ED9,0
76089557-4142-41E3-AF4F-B1EF34C0BEB6,0
761C8B25-FDAB-4EAB-B7A1-AEA63AEEBF6D,0
761E3E41-C6D5-44E7-B48B-5EC9D3E7D363,1
762059AF-284B-4B3C-9687-9A31E5394543,1
7626C7E3-BD98-48A3-B74D-0F23F4194E03,0
76A19512-269C-46D2-B416-CC3E42ADEAB4,0
76A70E2E-8B52-4C35-875D-738E52CC218A,0
77074467-C86E-426F-B914-E79D81547AB9,1
77199DA7-F50B-4B77-9539-C0499E5894DC,0
771B1FD8-9F5E-480F-A672-C44B77F259D8,0
77205C79-0A5D-47AB-83FB-3D3A6C2F2AE2,0
774F0FB3-CD73-4792-A8E2-8FCC5B9A4D0F,0
775345D4-62BE-4003-A65E-CFE7C9A675C0,0
776DCAC3-54B3-43B6-A6AB-B9D4F269D2EA,0
777F779A-3783-4DCE-A6E0-AC4182949C0F,0
7780E257-4E00-48B7-B879-2C7E8EF1CA27,0
77A33D03-937A-4D55-8306-82CF5828B782,1
77ABEA7E-F99A-44B9-BE94-6889B2B2215E,0
77BA2F99-5B7F-4BAB-8F21-70777C69B78F,1
77BAAA33-DD84-44A2-9FB8-83F70BBB02A3,0
77D11AFC-B1D6-436C-B6D7-9AA72A2EAF73,0
77D48EB1-E205-4E4E-AB50-D733717B24F7,0
77DBE9D0-2F14-496C-835F-B855788D8797,0
77DC150D-5635-4FD9-8E4F-1EC9A1162896,1
7802D0AE-A7A8-4764-9DE2-6CF7D32BE753,0
7809D3CD-28EA-4031-9256-D300C01D184B,1
784A22A1-B6DE-437A-855B-0EF360ECE82B,0
78520DE8-D493-41BF-8E07-4413BFF8AEFE,1
78528352-7CCB-49BB-A3A3-A6193466AB08,0
785B1EA6-26B8-438B-BA8D-46F07A0535D8,0
785E0427-E398-418C-B6F8-D96BE9FC2FA8,0
78692358-1712-4D50-B327-E6B9F5494F34,0
787FBE84-E1A5-49C1-96FD-18FA8473D269,1
78A91B45-A9F6-4A56-8F21-73633C9EB94C,0
78B3EF7E-955E-4D08-8FEB-C656F4100A80,0
78B64500-AA86-4407-9052-5BFB9B69A442,0
78F8E23D-4D08-40A0-BCCC-7801CC826544,1
792FEAED-CCCC-444A-BAFF-C56145035745,0
79531E1B-42C6-418C-B0F8-3EB8937B7F14,0
7963AA91-C236-44CA-BC3C-0752135AF829,0
7972E0FA-A601-4153-804A-D16A6CE7697C,0
7991611F-CC3C-4302-AAA8-544AD1278D63,0
79B31159-B538-470A-86E3-C648415F1B81,0
79B96BFF-586F-423C-9ADE-89D1A4BE436E,1
79BBAAE1-4667-4603-9DBF-7469BCADE6BE,0
79C4B1B8-4F59-48D4-96D1-DC660B2F1400,1
79CB3455-7BF4-4E3A-B133-633AD2B2BF7C,0
79CC860E-42CA-406C-8BD9-7409F9C6B12F,0
79D7339B-617C-4D7B-926D-76B39111D45A,1
79D98CE0-D511-4ED5-9586-E0D39C94A1F7,0
79E184B1-E688-4D1B-844F-002C9AFD354D,1
7A026035-DC2B-4063-9D5C-8E1BEEC78B75,1
7A489759-D6B7-4CA9-A9D2-E4952D26BDD4,0
7A51BCCC-29BB-4444-A49E-788C480ACBAD,1
7A5D4FBF-C1A4-4B7C-AD76-10EE4BA6BA1E,1
7A81EC15-00FE-4EEF-89D2-71C516590EE5,1
7A8B2CD9-D4C9-49E1-9F8A-D23F185E504C,0
7AA33FD8-39CC-403D-B56E-663E54C19732,1
7AC108D7-A69B-418D-96BC-599208ECA9D8,1
7AF93F7C-B335-47A8-AC77-70604BD57530,0
7B186A86-F325-4BE7-84F0-3655ECFCFA7E,1
7B1FA407-C849-402E-997F-C944D80DB616,0
7B20D546-E34C-40E1-8A32-BE1EBD6914E8,0
7B2128E8-C9D9-4DCB-BF32-7EE1091988B4,1
7B27BCAC-7160-445D-8E1A-63865D85B478,1
7B46A9F5-85E8-4734-96E0-3E38BF4E5C6F,0
7B59BC2E-507C-4E66-BDD6-213CB9D95D2B,0
7B7BA7BF-6A76-4C2A-A207-C8DCD47D82DB,1
7B7F92CD-CF4B-4B95-B33D-039758978FF8,0
7B8F2B4A-36B6-4D7F-98B8-7B6CBA254AA4,0
7B976879-4969-4715-8968-3551FB5E7989,0
7B9D1BE5-9772-4559-BF45-3492710A8C0C,0
7B9E7E3E-8BB4-456B-AD64-7A7F6315F1D6,1
7BBA5CE3-E6D0-4BD6-B704-7B0A4C073426,0
7BDCA098-C6EE-42FD-8B91-FCE696D72465,1
7BF9A9DD-DFF8-4B0B-9D18-32D38F662E87,0
7C0F73C1-88CE-4303-A7C3-7AF9A9CF67C4,1
7C19C773-5A26-4051-85A0-240B0D15B432,1
7C1C63C2-7363-4532-B478-18844B073AE1,0
7C1C9617-DDAD-4429-B7F0-2FD2AF4B5299,0
7C255164-C320-4324-AED4-D9DC5D7A5398,0
7C2E3FCC-8806-4DA3-9C29-BB12F6B08A2C,1
7C2E8518-A0A8-4ACF-B272-F038E6BB3C74,0
7C340858-31E3-4D69-A4D8-873076FE680D,1
7C4B2A62-9874-4248-92DA-9AB9F2BC9C79,0
7C595D71-7FA7-46FE-A7D5-A0C373C8FCC2,0
7C636B1D-B22F-4FC3-A910-A53A472BB655,1
7C68AC26-E9D9-4F2B-A520-B7C4EA5B11F4,1
7C802A68-7C9D-4090-9F5E-35A828465565,1
7CA01B30-30F5-4F0F-B2E1-0D7BD4F72CCC,0
7CA4148B-95C2-4EC3-8F03-4F3D1D64F9F9,0
7CB2E225-9CBC-4BB6-A701-5146502B91D9,1
7CC3296C-BE20-4917-81A9-0434D8AC868E,0
7CC46270-C57E-46DD-ADC6-BDDF28AA16B0,1
7CD0DC72-81B0-45B0-953E-81103EC726B7,0
7CEBD10F-2F6F-4A7C-89AD-5264A11FACC1,1
7D024C55-8071-47D8-A7BF-8D41D12EE68A,0
7D43C48C-DFDD-46F7-A7CB-B35583BDC822,1
7D43E730-C31D-4617-923A-49E02B9B8F95,1
7D53AB6B-0994-4518-BD26-637C5A828092,0
7D53AD5C-81CF-4D31-9D16-C07E0FB1E9F0,1
7D5E3C59-257F-4CF4-B888-27E1E825ECF5,0
7D5F018D-EF44-4D21-84DE-7BC3FFD3B4AD,1
7D607B90-AB7B-4E0F-80B8-DEC3472FA9C2,0
7D643C29-8780-4696-817C-9BA3CD7BB974,0
7D6639F0-5E69-461F-AB36-B84B5291EE3F,0
7D750EBE-CC5F-4D25-9BFE-28E5E8DE1050,0
7D78EB91-535C-4DE5-B53B-19523B5C24A0,1
7D850AF9-E046-486B-B54C-F1905FB72A91,0
7D8580FC-4A63-45DA-8E01-5D1A6330D789,0
7D960015-238F-467F-AC28-2DFAF5F8D1B3,0
7DA8E3FB-3B62-48AB-AE54-77CFCCBB817A,0
7DB0B185-971F-4819-BC27-CC23FE44B25E,1
7DC51873-4ABF-45C6-8A75-9B0A043CED19,1
7DD8450C-B2BE-4405-AD06-17B8ECFB1E56,0
7DDF5EB6-D600-45FC-92CA-7698759100A2,1
7DF969C4-970A-4675-9F4F-5EB04833659F,1
7E025AA8-B8F6-44F9-B607-7052E1EA7320,1
7E1C0129-7E12-466C-A5F8-8BA3F90F7C85,1
7E1CED86-045A-474A-8B4D-0D60BA4F4BFF,1
7E2F2224-C103-4FE8-9B41-52D1457EA2F3,0
7E465948-B095-4162-ACE7-49495D2F6053,0
7E4A884C-E439-4151-89B1-4F7E19C69F04,1
7E6ED802-7C1B-4227-B9FE-E06805ED70AE,1
7E81CBBF-221E-42C1-AC37-8359C6050A07,0
7E8641A5-9661-4F80-AD58-408C60996AAB,0
7E8B06CB-7B7A-40AD-BE6A-78D92B49992D,0
7E96AE2E-5EFB-4058-B3E5-6AD1A44B2421,1
7EAFCBA0-38E7-4267-AC95-F00783D43C1C,1
7EB17314-65B7-49D3-9C71-F7939160F2BD,0
7EB46951-9C53-4120-BC08-DBC2A7526780,1
7EC56F00-8477-44DD-A486-C4170BE490E4,0
7EDFC24F-10DB-4A50-8A69-6D8AE79B952E,1
7EE49FB4-EDF2-4D17-B8C4-577D2F04E6B4,0
7EF6C7B8-D5EA-4B13-AEAD-043DECE4921E,1
7F18DBDC-64A4-4E02-BCD5-96095EDB7FA7,0
7F1E8000-2C30-42BF-B2FD-5BCC0A250C3B,1
7F2DCAC4-E725-4D7D-8C85-0EA36550C6B0,0
7F2F3D48-BAA7-4995-AE38-02FA588CA463,1
7F30DE99-F698-425E-A7F5-B98078A02C96,1
7F33964C-9C1F-4458-9DC9-59F2929DFCAE,0
7F427535-E772-42F2-A055-8723D213EB99,0
7F56508E-4B73-4000-9571-706131BF8C36,1
7F5730C7-6564-418B-8281-EE067886CAAB,0
7F634227-5C27-44FF-95E6-1FDAD276DE0C,1
7F7891A9-59C0-4691-8C9D-CE049FC89F5E,1
7F7A728B-7297-4E89-9572-E23D6CBE10B7,0
7F813F71-5768-4FA6-9FB0-2403FC7AA727,0
7F8D47E9-4CB4-4F68-89F7-6FFC35C17911,0
7F9CD730-1561-405D-923D-178B85554EE2,1
7FA2D7C8-BC5C-4766-995A-F3A344016584,0
7FA4B240-7B42-4381-A918-38995F978A0C,0
7FA8C8F0-E635-4D8D-AA8E-4ADC2496F4F7,0
7FB46AC6-9DA8-429A-AFFB-4213F653BB47,0
7FC18074-2482-46A4-B949-0494177B8BF2,1
7FD54CFA-55B2-40BD-AB82-21F871100D06,0
7FE5CDC5-1F4A-4881-8629-5D87B9B1BCE9,0
7FEDBAAA-5209-4F0D-AE20-3ADFBBD7DF9C,0
801F8FDF-E13D-4AA5-8314-64DA40AAB609,1
803D85CC-9554-498B-86AE-6ABEA25364A2,0
8051B513-6919-48BC-B098-E7B4B193BCEB,1
806F5776-0FEE-4355-9F98-A261A7B23836,0
807F74B7-A832-4E8B-A48B-785C44D6BBC0,0
8086429E-34A1-4E24-B8B5-A46E0EF3A7BE,1
8086E34A-EF6A-4939-93E4-9AA9D2AB1BFD,0
80DA1C2E-31FC-4A63-83DE-756B0EC518A2,0
80E03D41-56C4-416F-A754-3A1211806B57,0
81104461-F556-479A-8883-32C334BA00C3,0
81244863-CD17-4707-BDD2-8AAE12909F3E,1
814351A1-A221-449B-B2B6-C949F4394F1E,0
815C64ED-1906-4B44-B8D9-89194E08CA8D,0
816E2214-75FD-46E6-9050-26F365EF8BA9,0
81700904-711A-4A8C-ADCB-0CD855870F0A,1
8172525D-E121-4A6C-BF39-2ACA4D14DFFC,0
81DC6C77-BF2D-462E-AF2B-99B245C3606D,0
81DFD41D-88EF-4BA6-B08E-FFDA2DEE31BE,1
81EF5E03-50AF-4336-BCC4-D6E00B91B7C2,1
8209FC72-9A84-4D5E-A686-226853ABBFD0,1
822B870B-07FA-41A0-B05D-3ACBD63AB7B9,0
824E7546-52D4-4A6F-BC01-FB67AC8EAD02,0
82689ACD-018E-46E1-AEB5-1784C06A5166,1
826C49AB-7800-4FEB-A3FA-8E85EABD1887,1
826F5F9D-400A-4F93-B217-F408DFCB5F40,0
827DA25A-35E5-4AB9-85FA-110E012F9CFA,1
827EF5E8-EB63-40E6-9F51-614E519BF045,0
828B0637-F64E-406E-BB3B-6A3B7B5D9E54,0
829FF9C9-EB1A-4232-A724-D61559345681,0
82BC5587-C11A-4A22-BC7F-91A5EBDB0DAE,0
82BD8E8D-0C80-416E-8D15-A3766F573250,0
8307C47A-8C9D-4C47-A13D-A1A2B95C0729,0
8314B041-AE70-42EE-837F-57B125BD232C,0
83245A80-B081-47B3-9BD2-C8294995FC40,1
83336BDB-3921-486A-874E-F9009F341416,0
834F6CA9-250E-4A1B-9DF5-0459E7FFE7F5,1
83666B6C-795D-4AC6-977B-D556BBE63CF1,0
8380793B-7EE8-4B84-9CF4-B4B6E6AB589A,1
83897804-E4AD-4B1B-9311-0DF9A2F5F56F,1
83998A02-A1C5-41C9-8082-A3A70BBAFF7F,0
839D33EE-F191-4189-8A58-C8B83B3D2FF5,0
839D59AC-3867-4AB2-8688-F1814AD56E6F,0
83A093E9-1911-4427-BD39-8F4D35321B96,1
83C5DC1C-7D27-42F7-9E29-9D37F65E3910,0
83D1F59A-1AF1-4AEB-ACB8-DF1CD58DD1EF,0
83D63139-4887-4716-A5A9-E68B20618A58,0
83F7B7A6-5131-4784-BD9F-AB0F256F43C5,1
84240389-32BE-4FE4-A114-CFC99ED607CF,1
84242BEC-42D5-4859-9962-5A7E8C41E5CE,0
842AE701-4773-46C3-B2AB-37FD20442860,0
843A5E47-3443-4A70-BF8F-C6D00F494AAA,1
843DE1D5-8D45-4D0E-AE45-4ECD8001393B,1
846B5672-8DD0-4059-B02F-71C4EA97D8CA,0
84C854E9-D48D-472E-B6EA-A40D7A4ADC3C,1
84D04B3A-AB69-4D2B-A6A8-A0529D360D42,0
84E41FFF-279F-4EC2-80FE-AB46B9083EA7,0
84E5C348-C59C-430B-B127-19AE3826527E,0
84F9D6F1-5A2F-4F10-AC60-98C8587B5672,0
84FC83E8-F2CD-4FBF-908E-8874A4519479,0
85196E6D-88C7-4E55-9A55-0B99FE10C4DA,1
851B97B1-46D9-40DE-BAE6-4ACD80F33F53,0
852EE789-F452-4821-A275-FC6420CD9F55,0
85447098-231D-4CB3-A62A-0D5F2E29E276,1
8557065E-BDFC-4BA6-BD71-FFE726F7DD20,0
855B1AD8-5A3B-4F3F-88F2-016E2F695AF5,1
855BCC2D-A970-44C1-9EBD-B42D663B925C,0
8568E0CE-CB56-43AE-808B-BE56AEEC1FED,1
85755BF4-ACCD-4952-AB79-3338E6821B31,1
85A76D3B-AE8A-432A-88DA-CD290AF31F3A,1
85ABA1A7-7562-4F59-B85D-DD1C800D35F0,0
85E342C7-B290-4148-B160-8FF53CFD967B,1
85E50615-1BA6-4D9D-9B27-689DB83762D9,0
85EE6F4C-E9B3-407A-913F-BAFDA86AA76D,0
85F3BCE1-C2DA-4C85-8335-AAA2A952C1BA,0
861FDA07-92A3-4CF4-A801-CFB008E6DE11,0
8637E44B-B590-469F-A41C-0BFA897AC644,0
863A5E6A-E47C-4E66-A835-AF5BC0EBAEA9,0
8642E801-D595-42CF-A8E5-3DCD75E0A0BA,0
8650DD48-115C-4111-8C8C-B78E45AB737E,1
8668B48E-1CB1-4126-A2D3-7BB2F2740988,1
866D45BD-0006-46AA-A66E-8EE0DBBE018C,0
86871EA5-3315-4824-ACCC-332497370297,0
86AAFBD2-9ED5-4A6E-BCFB-1ADA9911270D,1
86BB3F83-B019-4A2B-8D93-FBD450F6FCBA,1
86D8BAF6-F2A8-4B72-9BE0-677F707BD556,0
86F9B2E9-5D35-45ED-BA45-A60184940354,0
871096CF-1755-47BF-B479-2FE3105D9350,1
8711E6F6-D636-4773-88A2-42ADFE600408,0
871F5042-400F-4D3F-A2BB-F0A2014C3981,1
876EC8C6-9AC8-4971-B604-B08145632849,1
87743ABE-D45B-42A1-ADE0-733A02963682,1
87790BFB-5C34-4878-92E6-06BF1F56E44B,1
87AF697B-AF99-42FE-BB3B-6536CBD6D4AA,1
87B5DCEE-4D0F-49F2-8061-CEA759208456,0
87D84712-FB59-48C9-A33D-2B98C386CDAE,0
87E6212C-52F9-452A-8665-A1AB532C522C,0
87F5C663-2217-4529-AF09-8D4879E0F246,1
87F685D7-D050-4EDB-A2A4-FD88FE0ACE10,1
88019449-0CBC-40D0-8663-5CDCB7079F9B,0
8806814F-0118-4241-BE8F-7CF3D3EDB9F6,1
880E91C1-A6ED-40F3-87D0-46C3596735E8,1
8817320D-B467-4D8B-84D8-6B531258C264,0
8852FE8E-81F2-4527-9076-429635ABDAF2,0
8876FA36-6777-4BB7-8E05-929647AFF13D,1
88813D41-61CC-47EE-8CE8-34031B2D7625,1
889EF3C0-AD38-44D8-A0A2-DC1EAAF63749,1
88B1794E-0F4B-45E6-B979-CDB1B06C06BD,0
88B76E0A-EAA7-4881-86E7-4B08514BA76A,1
88BA072E-80A6-40B0-A6C2-E6483DC6D4C7,1
88C3CC8D-297E-4838-8433-E31D4D216284,1
88C55EAF-7F12-4F78-99E1-587314D8348F,0
88E6331E-88DB-407D-A1FF-C6437EB363A0,0
88EB8107-FDEB-4BFA-8C6E-ED46A6BE8C47,0
89103522-A330-4371-BBF4-0A4A4C32D98F,0
893DC4CA-5077-46D3-9846-C64DBA1CFCBC,1
89497EF1-7775-431F-960A-C0AEBB2FF773,0
8958A9B4-3F83-422A-B71D-9DDFACE0C389,0
897C1910-7BE3-494D-B7B3-F18CEAFE4827,1
89AAC286-FD6C-4644-A079-04D3D6ED8EF3,0
89AEEFC9-924E-4292-8CA6-92C4E28C9C7B,0
89B5F531-3161-484D-AB6F-3F6F7030E7D3,0
89C85590-DC72-4D02-9215-D289544F4B38,1
89E5D295-BA36-4258-AFA8-0166EF611E65,0
89F287D7-B25D-4DA3-B1CB-5C333DB591C4,0
89FDDEA9-8EF5-41F9-B852-A55D2D4FBB4B,0
8A0EAE07-662A-43DE-8C8F-09FAF41F6058,0
8A1E201A-B72E-41A2-A622-5A199D1377AA,0
8A22B1E1-D0B0-4A4C-B17D-512B9167E783,0
8A25210B-4557-4887-8263-F61E31C0D354,0
8A298606-1230-43CC-8BA4-9F2A3CAEFB4D,0
8A2FF9A3-F023-4588-842F-45F610081FBA,1
8A64348D-4EA7-404B-9179-724B41330A1E,0
8A927EF5-BD0C-48D5-9E79-A31289D2DF48,1
8AA80490-2AA9-4D5A-8A89-FF4E2D79DC37,0
8AAF1B7E-919B-4A0B-85D6-BA4832EFD248,0
8AC64A6B-8522-4033-BA1C-781B9F09A57C,0
8ACAFC39-FC1E-4925-BF95-474433A9E5D2,0
8ACB4BD0-853B-4949-909F-85366A4AB553,0
8AD27C30-D54F-4A2F-BB32-5BC671BCE0EC,0
8ADABEB8-C1BD-4095-9D33-B6ABDF25DD4E,0
8AE0A26F-BACA-405A-AF85-681E96C62059,1
8AFF996D-71B3-4086-B986-0B2DB60DF78D,1
8B35215A-1863-4AF3-B894-4A0D90E42B87,0
8B3AAC09-58E5-4C4D-B4D4-60D90549BA9D,1
8B5E2273-D1EB-41B3-AF32-13A72A546520,0
8B64F031-850D-41E8-916E-EE00B4844B3F,1
8B7CD908-3673-47A6-922E-B4D34E344F88,0
8B918ADB-C87B-410E-8179-64E47F98EA6A,1
8B9AA90D-1F69-4779-BFF0-E0366A1134DB,0
8BAB86F5-DA6A-4EAC-8918-D90487E5E93C,1
8BAD04D6-111E-46D0-BE2A-638B510D89DA,0
8BBA7ECF-E908-4F6F-89C7-E180FEF9F532,0
8BD38877-242F-4C5D-9257-799A3CAD0D1B,1
8BE9C1BF-B287-491D-BDAA-F6AE2FF7C06A,1
8BED3446-B4E3-4324-81A4-A6E94213C7A6,1
8BF0A1AB-B625-4020-B06E-0FD253FC51D7,0
8BFA4FAB-709F-4A6C-8055-FF08A8FB6A36,0
8C1030A7-F932-4BEB-B28D-6103246024B3,0
8C1546C7-6CEB-4252-97EB-5773F2B82AAC,0
8C244458-11C5-4B80-9306-0BC1BECA7217,0
8C52B916-F4E7-4CDE-8495-AA5118A02C1F,0
8C68972B-BAC8-457F-9A9E-562B517B67D7,1
8CA489FA-D294-4926-8383-557043A6B6DD,1
8CB62227-011B-4B03-B872-5C31906C6BB8,0
8CC4F7B2-F0B8-429C-B406-D237E82B235E,0
8CE03432-0D11-4588-9B67-E1D69223672E,1
8D23AC66-3504-4AC8-AF8C-A2A90E49877B,1
8D3BF91D-FA60-461B-A980-B863F32128C8,0
8D5A6425-EBBD-4388-911E-F1774CAD57C6,1
8D78BD90-ECF9-4199-BE9B-2FE1CF85BA4A,0
8D7CD78E-AC29-4E8C-B51F-FDA8E699DF6F,0
8D80ED33-0479-440F-A1AC-23A44E9E0360,1
8D859BC7-DCDB-401B-BAA7-1725D82FACE9,1
8D87F9C3-756F-42EC-B35A-C59A9A607AEC,0
8D8F1FA2-420E-4EC3-BEE9-C0E69712236C,0
8D9204B4-7AE4-4393-A819-B097FFE528B5,0
8D9DF5D4-C869-456B-8453-F4EB4BBD4107,0
8DCCD107-362F-46B5-B475-7803E0E14E7F,1
8DE965BD-D361-42BE-BBF8-C30CEDF2BBAC,1
8E0331CD-D0FF-4B80-972B-30485039035E,0
8E44B1F8-E9D0-4241-9A6A-45F9668CFB35,1
8E61BBE1-D6E7-45BB-9F9A-C80EA83D3DE7,1
8E65F599-EFE6-44C3-8341-7CA16C54713C,0
8E6A9B98-5C7D-46BD-9D30-623020DA0703,0
8E6C0904-2A23-48E4-B95F-3BFCE23A1922,0
8E7098C1-BD62-4DD0-B1DF-8DE7EC23CB75,0
8EDFD2A9-A9F8-4BD0-AE9F-2E426C2E7026,0
8EE2CF29-9D0F-47BE-BC76-E0197641D749,1
8F07AA25-4EE7-43C0-8010-24206496093B,0
8F098F6B-EE1C-44A6-BBC8-2017286FE777,0
8F19D3A2-C7B5-4D2C-B5C8-CD778722EBE3,0
8F20ABD4-BD5F-42E1-9C97-D7431968E544,0
8F20AD26-AB45-40F0-9271-AFB6667BD377,1
8F3AEDD1-3D26-442F-A89E-0A7C2FB73B94,0
8F4BA899-3E7D-43C1-A9EE-B67FDC921BD7,1
8F4FBE7B-7194-4E71-8C71-52858972D0A7,0
8F58D5A9-15FD-4BC1-A652-3FB20DE05659,0
8F6AD14B-14FE-4787-9436-4E2637EF7076,0
8F74B5C3-A9B4-41BC-B7E8-76972D672CA2,0
8F801491-3D1E-4F03-90F2-13693DB66DD7,1
8F94F2CB-71CB-434C-A50B-5DE69C16D0BC,0
8FA45BDC-E325-4112-A612-1F67F53EB4FA,0
8FA6A238-8A21-4F4E-B71E-86F7CA268EF5,1
8FADE788-F6C0-43BF-B085-85118B0B7D4D,1
8FC23D54-9CB0-42EC-915B-986BC17FA4DF,0
8FD2A010-56C0-4670-807A-3EF417F02DEE,1
8FE716AB-7992-4274-B268-3AC0D8BD9957,0
8FF49F84-5F3E-45DF-8759-B6AAA13D3C1B,1
9009245A-6F2C-4E17-B3CA-F8EB27FF98AF,0
9014924F-6CA9-4859-B8DD-ADD67B6D2DD7,1
90235D65-11B8-4F60-B0EB-DDC5928AE22E,0
9029F028-E864-4CE3-A616-5645C46254C7,0
90310A9E-22D5-4477-99D0-B8BCF8E0F786,1
9035F88F-615D-4311-9CA5-B53C64A6667E,0
90607FC2-F4B2-4486-AFAC-472AC8242EED,1
9073F650-7F79-4995-BD83-37A071591B94,1
90896BAC-1D6C-4CBA-BDD7-C3859D710A37,1
90AD4D05-39BD-4526-B37C-4E4AE110057F,0
90D0B223-EC40-451C-AC11-DFE2F7B66B34,0
90DA56C2-69C0-437E-A700-63894205ED53,0
90DE79E7-023F-4B13-AE58-ED416C5CD5CC,1
90E474A6-07C8-42D0-AB28-A5FFF61BA3D5,0
9100D1C9-3133-46E9-A9C9-F243C7E21E18,0
91216033-1330-4FC0-8D27-3E79B2AF5236,0
9145B6F9-8CFB-47D1-AA4E-FD5ADE82EE1B,1
91549182-83DB-4EC0-A6B0-12FEA0C87568,1
91880266-9BD2-4128-AE5B-86619F5AE982,0
9189814D-1328-48D9-B2B4-D9126939AB14,0
919555AF-03E5-4C5B-9D44-EC18B31E9AF6,1
91AB4034-F649-4B68-867F-6847169BF5EE,0
91B43BF4-DD0C-4673-B081-90CC77C8B115,1
91CFF5AB-F5EF-4D19-BA4B-9BFE2EF2D234,0
91D5A03B-3B5C-4CF7-9C62-0F5D4C9B66DA,1
91D83E87-A12D-429B-BA73-A0744E73A8C4,0
91DAB500-C35D-4CC2-8B34-D3C103E00A50,0
91EFE629-A54D-4444-AD3A-51EC13116984,1
91FEB026-BBEE-46B8-A07A-551228EE3642,0
922ACAAC-87E6-41E5-BB8F-DF0A2F98FD14,0
92359015-FE5C-458E-93E6-7E8867EF70B7,0
925BD5AA-8590-47FB-8622-2A5429850294,0
92672F88-639A-48BE-A562-FEFC50D5DD84,0
92851541-FB1E-4E2E-B7CE-B8F2F100B6F2,1
929081D2-7379-476D-A4FA-190ABA9D807F,0
92932E20-DAD9-4C92-B33A-87298CC4408E,1
92BE34B3-5AF0-4E24-880B-EE235919BA18,1
92D83437-1B6A-4FE3-82D9-20A5AB3B66C7,0
92DE2893-F66D-4911-88BE-70237A8B5362,0
92E16207-44AE-4C7D-AAA3-DB26512BDDA1,1
92F454C0-5C7E-40BB-B095-B87034543399,0
930E2801-7578-455C-9744-73ABBD50F249,1
9332E605-6B7D-49BB-AAB8-ACF3386E1F90,1
933CCC18-D226-425F-A975-08EA07B32EA5,1
93780105-8958-4F3E-9A67-6F98FFEA3D05,1
939AB5F9-7E12-40BA-9C10-F1FACEA77F8B,1
93B80C66-0182-4C9C-9555-05E18C17BF3A,1
93C1AFB5-398A-499A-ACFC-38481D907F7B,0
93C45C08-009B-4035-B0EE-B57298059BAF,0
93CF0E28-E5E4-4906-959C-74C96BA040F2,0
93DF9082-DD6D-4730-9B4D-5AB75D78B4EB,0
93EE1597-AE0B-4F83-AE04-F771FC68E9B8,0
94289161-8E2E-428D-AE02-EA46605E0FCA,1
9434BABF-1059-4835-90C2-FA655559D336,0
943D562B-679C-4777-B9B6-F04C96F41477,0
945C923A-947F-443A-A9F0-76D57393B2BC,1
9467DF66-FD77-4975-ADE1-BB093B8ADB7E,0
9474AAED-75D6-4232-8337-F9EB94FDD07B,0
947F0866-1E32-42B8-8614-E17866E1CE05,1
94938DE9-9FF2-40B0-A3DF-5CB4D4044B03,1
949B31E7-0FA7-408E-8C87-FC5F381D0375,0
94B0C7C7-A1C4-4730-9114-1A6E1EF18153,0
94B38B05-4E66-4CAF-96B2-977B6748E550,0
94BD337A-103B-43F4-9898-0AEBD53CEF09,0
95144B4B-4529-4019-9EAB-74BDCE7A1433,0
9540BBAC-2C03-4E7A-B76A-B45E4B02EEF5,0
954CF74A-39DC-4984-B19F-DC27C640CEA7,1
955ADAA1-56C4-444B-B4BE-338A7105A0DC,0
958CFD79-01D3-48E7-AF1C-D2A2729840BD,0
9593245A-F3A1-46B6-9CC3-A773746E5777,0
95D0909E-03D6-47C2-BD88-83210986A679,0
95D7C021-9548-412B-837F-6BA18139F61A,1
95E72575-B3A1-4266-9100-89D81664F3BE,0
9603A70C-1ED9-4038-B5B1-E065ACCC12D1,0
9617493C-D9CC-4046-93F4-F56FA6938AE1,1
96238D2D-1F73-479A-8A0B-617D0A33392B,1
962F8EB3-E0CB-4F17-93E2-64B648B9904C,1
96575BD0-1846-47E4-9CEB-0C3EF2A7AD17,1
9669E0F7-245F-463D-AA32-B0404A36A4BF,1
966D8B65-3C62-42B5-A5D8-0402BD08763F,0
96A1F845-6A98-41E6-9A17-7533DC8A077A,1
96D549F9-7714-4658-B7C7-7CC4C36973E9,1
96DCF1B4-504F-42BE-9994-2D83F1E2D905,0
96E004E9-100C-4D4A-B411-88D7DD5FD99E,0
96EEA0E4-7AEF-487D-9F42-3CA65D6412B7,1
96F99B76-BD39-4F8E-ADD7-C99C938CA03B,1
970733FE-F75E-47DE-9E6A-C956818645B4,0
971E5D37-809E-4677-B9F7-5943D5455E33,0
97303702-8DFD-450B-B626-39E682B6BFF6,0
973AEC5E-16E8-4F42-9651-1C6442E8A9F3,0
974B7BA5-BD20-43B4-88A6-CCE38A8FEADB,1
976A7C90-E69B-449B-BE74-CCC503794328,1
976ECE0D-6A07-4BEF-9D55-4CC182450AEF,1
97EEA95D-BC83-4047-AA54-D7CFCB73C432,0
97FA6397-4377-45D0-9EF9-856D5DB82011,0
98082E80-2FB9-4888-BE68-6F4F0E75710A,1
981210D8-560E-4944-BA15-7D2D6688D005,0
9819F668-862B-4016-99B6-3C3CF02E254D,0
983472DA-C4F3-4438-9AAB-F3EA4A677C72,1
983C209B-7EB4-44F2-9D19-85D642AACA81,0
987B9279-5B76-48E0-98D1-C1A9775FEDA2,1
98802A0E-259E-4741-B6BF-FAF944DA1AFD,0
9888502E-492C-4EB3-9A7C-2D7868A1EE73,0
988C48E4-65B7-4ADE-9911-06943AE8B761,1
989EABFF-7B68-4714-B1F1-782312FA8E0A,1
98B062EA-556A-47A1-AEE8-C6403D90FFB2,1
98C0C5B1-CE49-4366-8FF6-3BAB06A72CF5,0
98C9BEF9-20A0-470A-BD0C-DF65FA382F61,0
98D8F8A7-134E-46FF-A030-2CDCE4ECB4E4,0
98DA05B9-1198-4663-B182-AFF6D67C7432,0
98E60E1C-C241-4156-AAF7-118833D8444F,0
98F97D97-7441-4F92-AAAE-EEEA5CB1ECFA,0
990B3235-5F6E-4FF7-AD7A-621938EF699A,0
99232CE1-CAAB-4753-B079-908160811A7C,0
992F647A-E32E-4795-BD63-35C86A7397C1,1
994BA970-968E-4487-A6D8-98F6560D539C,0
994D3BD2-BD77-44CA-9C3F-4BEEE39D6FC7,1
9958141E-E8B5-4B29-A052-BD860B1F9461,0
996D8D8B-461A-4AF7-9E10-C9002C027020,0
997BBFC2-6306-4376-AEDA-1B393E9F92D2,1
998FEBD3-D6B8-4A57-9DCE-978A56701108,1
9993E46B-FA18-47A3-9493-33618EE3BBF0,0
9998C65A-9B48-4C3E-9FBB-EA452CD0A8AF,1
99A03B23-01E5-4BEE-B9D2-9BA90A8819D4,0
99B32724-0D26-4F18-9668-359D6CB9D8F5,1
99BBA743-F791-4FAD-8AB0-2E9127475775,0
99BC0909-B4DA-4F0C-BBDE-D522AA5ADC8C,0
99D9D420-A554-45B5-9A59-D01962903E52,1
99F81D5D-1500-42B8-BFCC-DDE422461684,1
99FCC739-C2C2-470D-9B45-15ABE8BB7E12,1
9A1385F1-FAF2-4819-88E3-CFB38841D9C1,0
9A16357D-CF86-47FD-AE65-0F2F2DCE2284,1
9A2F2218-6EB3-4A4B-8339-EC02D099AC10,1
9A4DA41E-1CF7-4EB5-BBFA-E8A87C3EC3CE,0
9A55314A-DFA6-4550-ADB7-9698FF54646E,1
9A5CD3AD-7E81-424A-A24C-09E2A88DA92B,0
9A5DC3E5-54BB-41D1-AEC5-506C02488B68,1
9A9499AC-E15C-49F6-B449-10B6178C64E7,0
9AA859EF-C4FA-475C-BD53-BC45E78031DA,1
9AB94DA3-C0A6-4B87-977E-7E3A54F1097E,0
9AC2F2A6-5A42-4A90-A665-D6454B34AF7B,0
9AC7BFAC-ABEB-414B-AF26-B115BF2BE000,1
9AF2DDD4-72B5-4EE4-97D9-20E15D589DFF,0
9AFB18BD-D238-4921-BE04-3000CC6B51EB,0
9B072891-5E21-4FC7-904E-9F4AF6154B49,0
9B250CD7-FC56-4704-9573-44210A5A4EAA,0
9B25CC6B-8B7A-4E21-A8C1-2D7B2D7C60F4,0
9B7295A4-8BD4-4DE3-89B2-B17FC717FF8C,0
9B8164A9-E69D-4D61-89B6-77E49FC41635,1
9B8DF2A8-47A8-44A3-9909-EDC96F68E2EC,0
9B9CA2B3-6DA0-4025-99C8-B8546C02D640,0
9B9D1940-F58F-455E-8763-1AEDCD267279,0
9BA899CA-4BBD-4507-8C9A-A735C516E29F,0
9BB06DE6-FAE4-4FCB-A8C1-7C6DDB8D759F,0
9BC07816-C476-4CBD-93AE-AC716FB9E5D8,0
9BD57584-97EC-4C12-8659-459E9D778D8E,1
9BF0F01D-14AE-44D5-819B-076A802EEC0B,1
9C22BADD-4DAD-42A7-BD2C-35983CA67152,1
9C32A669-5037-43CE-A2A8-ADFF96D256D9,0
9C50A5A2-D89E-4578-A746-74C7938F0473,1
9C5300E9-36E1-494F-AEA7-06C4F98D5072,0
9C547443-7A4D-4A07-A2E3-97E2060BE995,0
9C7314EA-F230-4A51-B23C-C79DDCF09831,0
9C7CBD64-0667-447B-8FCE-CDABFD232B14,0
9C7F2C67-1C86-4CD7-B2B9-D7C8E058BF7D,0
9C845A1B-E476-493D-90F6-162712027B5E,1
9C89A3EB-51C3-44B4-BA8B-23207F0523BC,1
9C8BC63C-8D2E-4AD9-ADC6-717ACEBC0513,1
9C90D7F3-E5FB-47F9-8891-2F6E945A65C6,0
9C93301D-2E89-46D5-A285-862AB71D58DD,1
9CA12E71-8B4D-45E5-9E25-DA1FDC78AF11,1
9CC30E26-6870-462B-8602-9A5FEC091FE7,0
9CC73702-722B-470B-A747-7665D27FC14E,1
9CCD6B28-2D81-4D26-B4A9-A0652F58282E,0
9CE36B5C-22D6-4316-83C9-44D085CA7894,0
9CE427E0-0349-4377-9DD0-87BC3DD778B7,0
9CEB10A6-F9D5-4A03-B808-A86AA64A6A60,1
9CFB7C74-DD09-415A-BC6A-29FEE7DF37EB,1
9D05BD5C-DC06-4D82-B46B-80654097B989,0
9D079FCD-1447-4B06-A12B-75A141DE2D19,0
9D33685C-F178-474C-AA82-C5C756AF6CD1,0
9D3EF961-8A50-4117-96A3-AA048A649F3D,1
9D4EB1BC-4001-4C6A-B304-077FDB7EAD41,0
9D57B012-1A6E-4A97-8994-656B183161BF,1
9D84C7CF-D9EE-4FC3-96A0-9A04AF9AB67C,1
9D852698-A8D8-44EA-93D0-15BD325A677F,1
9D8ED8CE-F5DF-4711-BAE3-6777EBB37D03,0
9D8F24E8-C8EB-4D46-875C-7263278BFB29,0
9D96AFF4-660B-4844-A88B-C5ACF07766C1,1
9DCE21BE-504F-42EE-B282-3E1F066E8A3B,1
9DD8B390-5390-4A81-A3E9-6F8722E9E389,0
9E0DCE97-4385-4044-8ECA-CAF69EC75B65,1
9E1B780D-DCFB-46CF-82CA-9F2EB1B8B3B5,0
9E1B7C40-BE0C-4A1C-9DD9-2C47981A22FE,0
9E2AB276-BB80-4A8D-B6FF-E53E2BE4BCCB,1
9E3EB094-A94D-4AB4-9032-8F55B6230094,0
9E4F7A96-B898-445C-BB8B-5F879EC9B4D9,0
9E534EA9-A35D-4D04-90E9-DF246833B1AC,1
9E5BAAE4-C4E5-43D5-9D90-60A82C845634,0
9E63C3E5-92E2-4787-B4C5-985D7F316954,1
9E80E02B-C51B-4097-85EF-597B3AF19755,0
9E820D73-EB44-4504-ABE6-AD09275B9242,0
9E8B6232-D1D5-4359-902F-B85E0EDCA558,0
9E8FAFCC-C5DB-4A83-9BCB-01940B947F95,1
9E9E4137-9BFF-4A52-BA01-95665F4879FF,0
9EA08601-E1CF-4EB5-AEE4-A1A04876C796,0
9EB07003-5162-4130-AF75-84BE1E7646F5,1
9EB30387-3DC0-400C-868D-EE87DF6F627B,0
9EB9B938-894B-4AC3-B34A-7EBD1B71FB1F,0
9EC59C67-6190-46C9-80D3-3C66B33F0FCC,0
9EEC33E4-50DC-497A-9808-C81D5EA5311B,1
9EECDE3B-71EB-4039-95DB-9635F7A4DA79,1
9EFC8950-C836-44A3-A3F2-DA5A1BF05CE5,1
9F025DCA-6A14-4CCC-B0D5-93283173FB89,1
9F20EB28-454C-4A2F-AA82-33A026B8F727,1
9F2E4636-3080-42E8-A718-86E5B20D980C,1
9F32F877-45A0-4613-A27A-299409C24DEA,0
9F43E194-F131-4FC0-93EC-4CA4A8E8C028,0
9F474186-5775-42AC-BF3E-ABDDE863B3CA,0
9F97F4E4-834F-4C5A-83FA-50A7D01D34B3,0
9F9823C7-F678-4A52-8FF0-E3AFEE5BBFBD,1
9F9DE6B8-0699-41D5-810F-855095CC9D4F,0
9FA5041D-C6D5-4856-A0EC-A6858C7C340F,0
9FB015A1-ED4F-448E-AC98-ABFF1A2FE28F,1
9FBBDF20-09AD-4DF9-9C1F-9FCF40528392,0
9FC8A77B-647E-495F-AB4C-E97C791D1BD7,1
9FCC5390-4DCF-4272-B99F-91EEE5CED667,0
A008E96F-5A9F-486A-91AE-BA217A7BEA94,1
A019C558-6861-4783-8587-3B63DCE5F8E7,0
A01CDD9E-7257-4167-AB8B-7FA54771BBFE,1
A0223990-4B0D-4D1A-8ED4-294836A8B00E,0
A02D7229-B087-4213-B286-EFEB2D3306A5,0
A03A9DFA-D7B0-4B98-8199-E42440D4D185,0
A0442460-1470-4317-BD99-32E4F33769CB,1
A056D751-583C-434A-BFE9-86E7241EC4F6,1
A07257E2-C594-4210-8C91-E7B0523010AD,0
A07DCF8B-975C-415E-846B-434323B6FCCA,1
A09BFFC8-1BA2-419A-846D-3F80A5375BF4,0
A0D3BE0B-0CA5-4E02-A94E-8F8A765EB0CF,1
A0D43175-2EC7-4655-974C-C7F79CDE533B,1
A0D93832-E7E8-4A6F-ADCC-77B6954B45FE,1
A0E4E98D-05D8-4466-B505-1F32B5B25A27,1
A0F68EB0-A8DE-4F38-ABE4-36C6E8A44B86,1
A1123AD3-A1F7-40F7-8549-DFE5AFB44860,1
A125D18F-E9BF-4CD1-A471-8F15315C2492,1
A12D5E9D-9A3D-4B6E-BC4E-EDB0AA547F9B,0
A13E43E0-EF07-4B1A-BBCC-27976593DE90,0
A184324A-FA9A-46D5-8C18-40E9FC18F304,0
A18CE8AF-CD9F-404B-AA29-1F4D6E4ED993,1
A19AB60B-F615-427D-9F9A-720A7A6235B3,1
A1BCD37F-AB8C-4ADD-96F4-CAA9B1C8C8CC,1
A1EDD093-2AC3-45D2-B18A-4DC64ACA9D72,1
A2173D80-B1AE-426B-8ACE-F440D5F8CE20,1
A21B50CC-C339-4F56-BFFA-9B186080AAA1,0
A21B870B-0EFD-4EEE-8A3A-A475D4589BBB,1
A21F8B1B-8DBB-40DA-AEFB-B81B9EC80A3A,1
A248F09F-00F1-4F8B-A7D5-79E410AACD63,1
A27AE50E-3CF2-4EEB-8EB5-9489FEC5E52A,1
A2923943-5511-4CB9-AC9A-2FE802AB37E0,0
A294C5CD-64D4-43DE-AEDF-0B9A0FA44D67,0
A295170A-9C3D-4452-8740-B536648E539A,0
A2A4DC8E-942F-495A-9F69-4524F182B9DE,0
A2AD29E7-2E61-4094-A0B0-3D157F2E5ECE,0
A2D92A0B-2EAA-4689-9B65-79C2FC8942E3,1
A2DD35F1-6422-4600-8DF0-CE2C01138D54,0
A2EB1609-9758-4DBC-8E11-FE0E5B652A43,0
A2EBBAC1-AB85-44DA-A627-0B64CE4A235E,0
A2F6C898-BFFF-4BE9-AA62-445F6C7B852E,1
A3277BAD-1B37-4818-AD3E-EC716FD5C1E2,1
A334D38F-54C3-40AC-BF44-9DC2143A0E99,0
A3AA4E32-C9C1-4053-A86C-C12F63D4AD36,0
A3C7F6DA-6AA0-42E5-BDB0-3ADE4238779C,1
A3EAA1A9-C3AD-4DBA-9E43-10568C4CB7A1,0
A4202885-BC27-48DE-8EB1-B8D0FFEE1C2C,0
A4380C8B-893B-4C8A-8521-7E1607406762,0
A43CF939-9216-4A41-B1AE-D7A8A8E3D7C1,0
A45302B3-57E6-4398-B72A-1726B4434130,0
A46839BE-A54A-4F7B-A56B-3C868B3FB86F,0
A48199DB-4F84-45EB-860E-D9C841E30A51,1
A49199D7-AC88-43E5-A2A5-85487BAC512B,1
A495656D-6F1F-4D65-BAC1-99733DD40B1B,0
A499210B-3028-424C-9ED7-0A55B8A5A952,1
A4E03EC9-4A3B-4CCE-BD92-2E185CFB24A0,0
A507490B-6280-45A8-BE7C-7D19185340E8,1
A515B421-A79E-409F-A72E-B868E449C139,0
A5250590-A115-456D-A886-2A375DD5E898,1
A5308D84-A4BF-4FD6-B6EE-ACCA6D6B1F13,1
A535C4EC-380F-4398-AB71-0F2CF6F2BB42,1
A535C58E-8EFC-45D2-9D80-B48582CF1AAA,1
A5564BF7-EFE4-4E18-A78E-80245CE02A8D,1
A55EC8B9-EF07-4586-84ED-72DBF707600E,0
A577B7D1-76BF-447C-AE61-E8C1392BF0FE,1
A583C686-41B5-47AF-B4B8-CE88C610C070,0
A5AE82AC-B22A-4C08-AAB8-B0FFAA6EDDA7,0
A5C24BE8-6FDD-4CF4-991D-41EF2FF6BEE5,0
A5C6C4E8-B144-4382-81BD-340F101C913D,0
A5CFFC0A-EDF4-4240-A9E3-DB65C52EC6FB,0
A5E014CB-92C7-40E4-AE9A-572C72EDC74B,1
A5F507D0-2277-4639-A6E7-B9A39B83D507,0
A63B14A7-87AA-4D5F-8665-D6B5D275AFFC,0
A64CE359-15BE-4CB2-A7AE-835B01D0A12E,0
A658248A-B85A-4838-9CC7-AD803B9C64B0,1
A694B582-CB34-4CD5-833B-6549DC237773,0
A6B8F52F-1FA4-473D-AF4C-6892BE46EBB0,1
A6BE3B7F-4D48-4AAE-BB31-85EF344195EC,1
A6BF2017-B247-4E2C-9A77-24C612616532,1
A6C9A0ED-4DE3-49BB-B2BF-F7E3577C5CDE,1
A6EA732F-2FA0-4E50-9D89-55EDB7D2A1D6,0
A6F7E34F-AF5B-472C-AFB6-061B1FDEEF46,0
A72C977E-DDB1-466A-8C6C-5D0402FB1568,0
A73C8B61-33F9-499F-B7E0-10AC5CE3D136,0
A751A199-CE85-45CA-8AB6-EAE275CCBDE2,1
A75FAC2D-76D4-459A-8CED-D13FDF654281,0
A76AAFB1-F06E-42CA-968A-46E15A278FCE,1
A77D5AED-170E-486A-AB67-1D5733A872E6,1
A78672B8-69B9-49DA-A535-C5C91E2A6194,0
A786CAA2-7260-4468-89F4-4C60138DFB57,0
A78C7E41-7EAE-405D-AAE7-BA743D9F6ECC,0
A78F66E7-4AFE-4EDA-8369-FCD909A101EC,0
A7B22502-62D0-4102-9601-0E038D5AD657,0
A7C80B01-12E6-4827-A51F-4F7533A34EDE,1
A7DA9F69-95BB-4B63-BEE7-7BD7094C9609,0
A7EE2FA3-F57D-4213-A504-430244BCA901,0
A7F7833F-F8A2-4916-A0BA-35B5F073B311,1
A809E04E-507D-4E15-B5EC-3710F22DD8B3,0
A80E1BFA-BF55-4B14-9752-EF641AED38E1,0
A870F962-8ECC-4969-987A-F04B6DC84A0A,0
A876C592-E1A8-48D0-BC62-1072D03CFDA2,0
A88A4E11-DA27-4662-A3BD-327541A9118C,1
A89B7CCB-7FE8-4C53-BDB7-E89A78EFCDF1,0
A8A88E44-795B-43D2-BA40-29B21704F519,0
A8B4794F-2E42-4B3C-83BE-F3D407D27F61,1
A8C31745-0CCA-401C-A9E4-933515BA45D8,0
A8C34BAF-B28C-4B82-B285-99F0E159ED2D,1
A8DFC765-C5D1-4BA7-80A2-B1FE61719D80,0
A8F9130D-03B9-4A71-911B-882511587D84,0
A8FCF839-2FD7-42DD-BAFC-FD24CA77A224,1
A9079C18-1D23-442B-8E78-5A36B1D55E37,0
A91E72FF-F3C3-4075-9627-4FC67F167A67,1
A92DA823-2E16-44F5-AF52-4C9659D6FACD,0
A94F3FAB-F801-4AC4-964B-4C12A9721DB9,0
A9560891-8E88-472F-9F92-BDEBE5A88C89,1
A959373D-1716-48BC-BD80-69E721820F70,0
A98CCC86-C259-4C67-A1B1-CEA7600A1CA0,0
A9951A37-4DCD-4257-8DBE-119F6B1635EF,0
A995C3BC-5F5D-4B3B-B24D-61F784809C94,1
A9AFF02F-8449-41A6-A6A2-27812BD64287,0
A9BE4FAC-3BA3-4887-9AC7-C721ACA38B15,0
A9C3DB97-FC58-444B-B989-652D10DD9C6B,0
A9D00C19-644D-4FEB-A9EA-AC86578C6D10,1
A9F06F20-4BA3-4351-B743-7BDA5C0DC9D4,0
A9F55125-0BF3-4041-86CF-BC83A0CCF092,0
AA073EC0-1D3B-4A06-96D9-E01DA3FC1272,0
AA2B5222-5A37-4101-B060-7B592DA42864,1
AA3DF1E2-C8A6-40E5-B8D6-5EA730D87C11,0
AA47AEEE-3EC4-48B0-88BE-F0AC8A0962AB,0
AA582E24-6316-49FA-907E-15A7BB7B31BA,0
AA5921AB-014D-4A88-8AD4-AE4DE65D21EA,0
AA5E6724-F707-41C7-94A0-174C51E88BA2,0
AA668F58-C70B-4555-AF94-F8A30988369D,0
AA78E3C7-C1BF-4EFA-A830-A77CA22E6703,1
AA96AE2B-BE1C-4F54-8B20-DEAC4AED2051,1
AAA7A002-C502-4609-B192-F04B7424DF6A,0
AAB28BA4-A24B-41A6-B017-8AF39C484809,1
AAB46D03-A713-41B4-9B8C-CE1FD4EEB258,0
AABC6849-765D-4369-9932-9565E30079F2,1
AAC5745F-7586-4E1A-A7DF-36038E4BAE25,0
AACB3DDA-72DE-462F-AF30-244A3AA5B64C,1
AAD628F6-6C46-4DB9-B788-4EE602F4B137,1
AADD7AF2-B768-4F50-B6FD-D40EC8F87C2A,0
AAE781AA-C2B0-4367-8F2E-B3134D1EA5DB,0
AAEEE235-A7D1-4CB8-A266-864061A49C18,1
AAFDBBF3-14B8-49FC-8EE2-584A50FA5865,0
AB0B91C1-53F4-4320-9B9C-B931DD8B1004,0
AB245249-2839-44D4-95F8-DCF255EE4578,0
AB54F159-BCCA-4236-A0BE-968666C749E8,1
AB8C6D87-71CD-49E5-9959-4319DCF1FF01,0
ABAF76F1-98A2-43CD-AF2E-EE947F48EF1A,1
ABC2449C-4D32-4FC3-8074-FD06DE25D82C,1
ABD87ADF-57A2-494C-8E4D-1848AE5C2119,0
ABFADC02-0FBD-4826-83FE-A3A9146FAE0A,0
AC08C48D-920F-451E-BCBB-237331741EFB,0
AC11111E-B214-446E-BEDC-5C915FA73C48,1
AC1B5EFA-1752-4131-99BB-59324A82A5B6,0
AC1F2C9C-07D3-4E78-A640-19EE20DEB9BE,1
AC3087B2-4F3C-4492-8315-D5A9B933DB69,0
AC3C0423-4476-4E9D-A7EF-DC089CE622B7,0
AC407D77-3D70-4FF1-9B9E-58EF87E99DCE,1
AC4A3E6C-551D-42A0-AF33-990B9FC76BD3,1
AC580153-B5B0-4022-999F-632E2662AA99,1
AC5CD1E6-5314-41D8-BFF4-142D7B09DD87,1
AC5ECA25-0265-4432-BDD8-CE9DB0DB9450,0
AC5FFDA3-0CE3-4234-983A-6611FEBC30F3,0
AC845AF6-4232-4D2F-827F-81A031A054F3,1
ACDAD9CD-DBE0-4BA7-9518-F935E416D00C,0
ACDB5B6E-0C51-49ED-97DE-5C4D625654D9,0
ACE1D403-AAEA-4490-BABC-66CB08CE2FD2,1
ACF7618A-3591-45B5-B087-83209856DFD1,0
AD0C0131-89D8-42F1-B0FD-7589D8983F4B,0
AD1A51EF-5F1E-4220-A704-DAD4D23F492D,0
AD30E309-0343-4340-AE3B-FAADD89DC25D,1
AD3B24B7-A400-4E76-B700-334ACE61E4DA,1
AD3C753A-3611-4A14-9FE6-C6A5908E4B87,0
AD852B05-3CF5-4190-AB0C-5E83AD50F16A,0
AD87A9DD-2ED1-4D59-B36C-4A0AD9EE159C,1
AD959C96-9F6E-4992-BE3D-8AB710742F9E,0
ADC9402F-165F-4883-BB92-12DFD3A16995,0
ADD952A8-8F9B-4ADA-BDEA-15201D9AB7A9,1
ADE526A8-DE4C-41D4-94D1-372FC191CBBE,0
AE05CAEB-CDC5-4AD0-8662-8AB9A6F57FDF,1
AE061A4F-6CDF-48E8-B5EE-A88C2B953674,0
AE1530BB-36D0-4CA6-865F-9D500EF0FA33,1
AE2767B6-5982-42D3-B112-D0AFD55F91ED,0
AEA014F5-73FF-4D86-B204-1955C58B02AA,0
AEA43035-E498-41EB-94C7-96773C0754AB,0
AEBA289C-988C-4AF7-BC86-2F29408B1354,0
AED8E3BD-7B66-46E8-ADAA-DDF800E23504,1
AEEED98B-AC58-47D3-9EEF-4768836239B1,1
AF006C7D-7E57-4F20-AAE9-4E42C206081F,1
AF05FB24-3320-4968-967A-2D07129661FF,0
AF13C165-ECE7-46E1-B3D0-28FFF979884D,0
AF3649DE-C6EE-40C6-8D63-9C695691B5D9,0
AF5E6D31-91EE-424E-ACB2-72FE1108967F,1
AF608E93-9A27-4504-B1D2-1B4E442DD94C,1
AF608FFF-8904-41FD-A509-8698CD9D363A,1
AF7A2946-6D80-412A-A3C0-94C584700B99,0
AF8526EB-B145-41CD-84BD-94E3734E63D8,1
AF9E4FFC-12CC-4FDB-9DD5-DD05D9BE92A1,0
AFB4FE3C-CD07-46E2-90A0-4A04BCD29205,1
AFC38613-2361-411F-9DF4-46882DA146C4,0
AFD63488-5AB6-47C2-A94C-9BF7C0C6F198,0
AFDCB268-EBA7-42AF-99D7-073731FDF0EC,1
AFE615F3-628A-418B-A4B2-A0B9516DA164,1
B00177F2-71CB-42AF-8CF9-184424405CF7,1
B0055C58-D300-46C9-BD1D-3EE55CDF6383,1
B0102F88-B205-4A09-A9BD-C0A16BC9D21D,1
B02D74B8-3D4F-4B6B-8631-360ED4EE9270,0
B0393FA3-2E15-473C-ACFD-20A514A6418D,0
B039EED4-6AF9-4F16-9C93-4145AE025CCD,0
B03CF111-6E1A-4368-B462-995F9D6ABD5D,0
B048A1D9-3F1B-40C2-BC31-800FC9269120,0
B0688068-E34C-480C-943B-CA6CEFD2BDAE,0
B06FD62E-7146-4B5D-9B78-5BEAE3E58F95,0
B0701312-CAA0-47BE-B7B3-77FC21056A3A,0
B07C685F-D938-4B13-B5C0-6720A30464A1,1
B07DD1F6-F830-4CE1-8F90-845275F4334B,0
B080F679-7C0A-47D8-A2D7-59DAA84901EC,0
B0813BAB-EFEA-4AB1-A666-2C3D194508DA,1
B0858A57-B6EA-405F-A8CF-D820FFBFC616,0
B0861D59-06A6-49C3-9AED-DC4A2FFAB2BD,1
B08C7570-7354-4A85-95C8-1857DD252E69,0
B08ED28F-FD16-4C6C-9724-906E338EEDA6,1
B0904262-8555-49A8-ACF5-EBEE2F09A926,0
B0985644-9B24-49B4-969B-609C031AF09E,0
B09F3AD5-0990-47B7-8E9E-A33B8050F2C2,0
B0B6493F-9684-459B-BD45-CEE7A143F26F,0
B0C17FB8-0066-436C-BC3D-4EAC66674037,0
B0C380EA-51A1-4534-998F-7EB3876831E2,1
B0D04CE7-DA06-4FC8-9EF7-E80C9F81A03E,1
B0DC5CEA-E314-4446-94B9-502BEE421239,1
B0E581A8-9F0D-4FA8-9023-899830A79AE7,0
B0E971D6-8825-4201-8C9E-BB204840F4B9,0
B0F56E2D-DE35-4A73-A422-EE8AF18EBFED,0
B104DA06-9902-4912-966B-0ECA4CCBBE6D,0
B11A2131-CB58-49D2-9A27-F8373FFC4291,0
B126BBA9-2B17-444E-8C6E-7B884CE53B7F,1
B151A7F3-36E3-49B7-9708-51458833757C,1
B17DD4A0-F46E-42CB-9504-D59F5AB18F15,1
B182FC10-30B2-4244-AECF-9A63D18EF19C,0
B1C0CBD8-3E87-4C6E-AF4C-F5C5EB705027,0
B1C23DCF-0BF9-48A3-89D5-E9424FFFC159,1
B1C653BE-9926-4C62-926B-039AE9DCB46A,0
B1F2112C-699D-479F-B63F-807514A97087,0
B1FB4867-C3D3-4F80-B0FE-88789CE907EF,0
B1FC5865-6755-4588-BB62-902447F64D95,0
B21FE759-DE33-4A09-AD75-BE790BF3C4EF,1
B24D074D-3492-4C40-A29A-3C33169479D2,0
B2543AA5-ED0C-46B0-94FB-A8E2B91B1016,1
B2985D0F-8817-44A5-8805-1A9A7B409D5D,0
B29C2B7C-47C2-49F5-83B9-F7176945B922,0
B29F77FB-3498-4AA3-8088-B2BCCF76F913,0
B2A11FD8-B56B-4AC1-93ED-3F1C91A5ECAE,0
B2A73192-2465-4CB0-9C93-B0355511FD2A,0
B2A7F5B2-37D6-47C0-884D-E3419DBECB02,1
B2C9AA8D-DE57-4ECE-BA14-E5C491B5CDFD,0
B2DF5A26-2977-4467-B3D3-639A52278057,1
B2E2B0A2-4140-4B12-AB32-5B15FCBBF259,0
B2E9A9C3-9F48-435C-B2A1-87A7CE39D21F,0
B2F1D2AC-7453-44BB-A666-20589473CFC9,1
B305E4D6-BAE4-4F81-BCDC-0FAC825C0AD6,1
B33A3856-03CC-4E9B-B6BA-7672503D23A7,1
B35304F1-0E6E-4B6B-B546-90186B5E8F27,0
B3536EE1-28E5-4D19-A8D6-7B8887479649,1
B359EDB4-1FCA-43EC-993C-FBC57863F361,0
B3683860-2D32-463C-AEB7-444D511E8754,1
B377285D-0473-43E2-B202-1C30D162F1C0,0
B38595B7-1626-499E-8A60-D55AABC66D82,0
B3984038-3C11-497D-8C50-62AF8870EF70,0
B3D2C529-5CE1-4950-993C-C7160C3B2323,1
B3DE0EBD-CDEC-4231-B2D5-64517E70396E,0
B3F4192C-B7C6-4A71-BCDF-5C8C21C67180,1
B3FB6C97-7040-451C-AFFE-0F6CDF9B2CC5,0
B4059267-1FDC-48D2-9DC5-860817D79DB3,0
B40AC834-90FE-4922-A18E-67A9BBAF9717,0
B43834D1-7177-467A-84C1-BB50C955BE14,1
B445DE39-546F-4A15-9334-E3BA57C6264C,0
B4563858-DA67-4C48-925F-118571EF1ADF,1
B45C310F-D4C1-4E01-BAB8-3E7B3513E265,1
B472CBF6-2D73-4F32-8244-03F1C6136177,1
B48C8169-F445-445C-B9DB-FF14598CED8E,0
B4928830-744E-4D00-81AA-2C7A7BA44C62,1
B4A74854-2942-48E2-B8C5-E8F1BC7FB5F7,1
B4C9CEC3-6309-423D-9D2D-6628D939E39F,1
B4D34221-FE64-473C-A548-3200E7440C33,0
B4D46F16-AE66-4D77-B5A8-3477C0F9AB44,1
B516813D-E88E-4C80-B14F-2D4177A37039,1
B5168F60-5DC7-4086-ADE2-F841C20DFDA9,1
B52DF09C-A0FA-4029-9B5A-5A2E511818E8,0
B54DD3A6-B1C3-4417-916C-6BDCF2372E2D,0
B581BFAF-1E09-46FD-8A53-A496203D4514,1
B584807C-5965-4921-91CB-E091959D58A7,1
B5B5005E-07F0-4668-8F22-479F01E836A6,0
B5B8A94D-4791-4386-927B-077F8E018926,0
B5C6DC99-A78B-4338-8E8C-D9476E3C82D8,1
B5F7DA9C-909B-42E6-8E4D-E17989B0396A,1
B604FC50-76FE-495B-A34D-7555ECFE9077,0
B60F1260-B669-4BFC-B42B-54B234BB78E1,1
B624BF66-6A01-4182-BE47-A89D022C72B4,1
B6581431-EAE8-42EF-8352-A8C2374D237F,0
B673531D-F76E-4B66-BBF9-9521A81B5A48,0
B69D60B5-DB8C-4EED-9EBE-2F74F426B77C,1
B6A512F9-A099-4777-B0E9-487A2BB0CF77,1
B6AAFD82-4C5F-47E6-8BB0-666556D6190E,0
B6C201BD-1D8B-4D98-B6C0-BD4A0417FD3D,0
B6C8178E-04EE-43CD-A6BD-789F120C2C7D,0
B6C928F4-27A2-4D4D-B877-C9B84F4C321A,0
B6E50765-7CC2-4AB2-8F73-49426FF58C05,0
B6EBFBBD-8A54-42F7-85AA-7B99B210C86C,0
B70E76BF-E21B-4224-B5D1-49CA5F8A72CE,0
B711749E-1D0B-4F88-8E91-AE0416AD5E81,0
B712A2E9-FA71-4161-9BB9-77B1E2C85A7A,1
B73EACEF-09AC-43A7-A4AB-786D9EBA53DC,1
B7462AB6-9ED5-4A6C-950A-48CC2177E39D,1
B753EC8D-F791-4AE1-B279-4D8A9CBFE590,1
B7652730-AF77-42D7-81A7-BC6065AB8501,1
B76B50E5-4E46-42C1-B3C8-00AFC2CB6CC9,0
B7725476-389C-4A95-AC8B-8A4948A8B1F4,0
B77CF733-1DDE-4D1B-AD37-5D6BC0B3923E,1
B78FB29C-7C5D-4A91-A399-83DDF6516B4B,0
B7940F49-0390-4542-864C-2451E1D78E16,1
B795B1AB-6A3A-44AF-BA30-86D42D8162EC,0
B7C4DDED-73CA-4A55-A672-E011B20DD3BD,1
B7D6ADEB-BC01-4614-B6BC-0C7B23227DD7,1
B7DFA35C-017A-40E6-8DCB-7EAC0A54420E,0
B7F03280-6DE3-4ABD-8B3F-FD51ABCBCA4D,1
B7FBA74F-2801-4673-8145-1C8E4C8A229B,1
B810A00B-6CF7-4222-B8C8-E3DFAFFB7EE8,1
B830F03C-3C9F-4FEA-8E35-446FC728AA34,0
B83A1A78-F171-4B20-8977-E2F46AF13CD4,1
B848CABA-7C75-4D97-A066-7C3A16365BBA,0
B8694C36-F1CF-40BA-A00B-157B3BDFE2A6,1
B8A461E6-2D95-4DA1-82D5-9B77240EF746,0
B8AD8D5F-65EE-4E0D-8ED8-7ED7E41399A3,0
B8C4188A-250C-42EE-B29B-0FEDC1E96BED,1
B8F08F58-EBA7-4CF1-A410-8360C7AE0716,0
B8F1E9F2-9AB4-41D8-86AA-ABE04C8F9891,1
B90B10EE-04F8-43E6-BA0E-AC198F0FC8FC,0
B9139AA4-43FD-46CE-960F-C0187804132B,1
B9295E96-7D28-429D-B121-14F6480F42B4,0
B938BC63-B64D-4956-828A-5171FC0A6B91,0
B94F9842-554E-4506-A427-460F3FBD09FF,0
B952F738-5A90-4458-9FD3-CE10DCDDF759,1
B95546A5-94A1-4EDE-B20D-84BF0E4534F3,1
B95886BB-AC0A-4D5B-A0DA-4AF92D71FCDF,1
B96B055E-FF3E-4715-8B22-A95BDD2AE1BF,0
B9775CA2-F241-4DE2-B4F4-2A1B3F17287F,0
B98509AB-5998-488E-9F60-84C2CFF60189,0
B9908E6F-D29F-436A-ADE5-A7E699D197EF,0
B9C86C9C-9D78-4DE7-9041-2A3F9DC1DD01,1
B9E30286-EC8D-4DEA-840E-E86A113A90DF,1
B9E8D043-D6CB-4D43-9B75-AD1ABCA7FCEA,1
B9EC19A9-E7D1-45DD-BD50-4A3A03CF7167,1
B9EEC3E7-7F38-449C-899A-43D0B46DE1B1,1
B9F6A418-AC39-43EB-AECA-3E0622334DB7,0
BA06F322-56DF-4211-800F-F1FBAB876E99,0
BA3CAC14-9F45-4D0F-A282-B1726358CE97,0
BA64B93C-EE96-4819-B4C2-90265663DCBF,0
BA755FC6-AB91-4B1B-8912-FB9F48DC0165,0
BA7F99DE-E631-4050-A2B9-10DD0C603349,0
BA868A37-37DC-4826-82EE-974853B61DE2,1
BAAFEE5B-54DE-45A1-B275-62A481F7FCBA,0
BABABD2C-4EE5-4B8E-A923-B09A37290803,1
BABF82D6-9230-4F17-B9C1-BE3D55C113DB,0
BAC6464B-2FD4-4C48-BA75-8F7C63DC04FA,0
BAC90144-3E39-44F8-81E6-E9E2B7C61127,0
BACAF3B3-9439-4BF4-8134-765D40DA9664,1
BAD1E99E-882E-42AA-BE71-4330BF3F7394,0
BAEA28CC-A019-4307-9B6F-E1EAB817047B,0
BAF0B233-B400-4E41-8C71-C2C55311D879,1
BAF5801D-1621-43A6-B582-42BC9724DB83,1
BB1402DB-B05F-4D9C-8E32-0F53C344EFA7,1
BB1519D9-01E6-499E-A698-98F84BDD9861,0
BB18D442-092C-43FE-9139-84037A46969E,0
BB3D777E-AEE1-43B2-8E4D-7437257FC980,0
BB64C04D-7DC5-40A3-9923-9D70FBDAFDC1,1
BB7AE60D-2CCD-495D-9013-221869146974,0
BB9BA65A-3662-4E73-9379-0AE8D7176C80,1
BBA75C6C-938B-4248-8063-252F5C3A9405,1
BBAEA1EE-5A9D-4A03-A41E-705BD8E859B1,0
BBCF88FF-1944-46D2-A2EC-FFA4B6421AFB,0
BBE4383D-3E28-4A2E-955C-AF5FDCD55175,0
BBE5EECD-720A-419C-8408-D1C337176665,1
BBFAEAE6-AF5A-410F-8A53-2F5489A47836,0
BC0FE59A-6A70-43B6-9879-07E9CD9D7711,1
BC1002DB-8438-4807-8A4B-B4A9B8B00FCD,0
BC149FAB-5309-49C4-A756-B49AA735AF91,0
BC19232C-446C-4B6C-9F1C-56F11DF8FEE1,0
BC1F5D77-BA4D-4495-9B40-262035420318,0
BC36FDF4-1E2E-42D3-B704-7CF3685A6915,0
BC3F0DC0-933C-411C-96C5-4D10E629BD25,1
BC5E196D-9B0C-4CCB-A3B6-FDA2531BC6AA,0
BC5E2E9C-9B1C-443A-BA37-BC4A55F17A0A,0
BC835A5F-2A20-45D5-8174-F324CB1FB73E,0
BC8EC126-59D9-4B51-9874-868D9D286243,1
BC93B675-9796-4B7C-B2E3-46C77D507A4E,1
BCBA88DB-CB26-4C79-9ACC-9F6C9CEB7E29,0
BCCE9E50-4CE6-498B-8654-E541866D9468,0
BCF2C382-47BD-465A-B064-0D139C415CCD,0
BCF4A3C0-A7CF-4D9E-A919-3022ADA6D105,1
BCFD88B4-C85A-45D7-91BF-FAD6FED500F9,0
BD00E084-DA0E-46D0-B70C-518CAAA0C6DD,0
BD066F84-0311-4103-B627-94681556D469,0
BD278375-950E-44B6-87B6-DACA97084B30,1
BD3785FE-F78F-4D87-8C9F-77B1CFFD692D,1
BD434E7B-D7BB-4B56-B502-C256CE0D3F8B,1
BD5B675F-07F5-4815-A1AE-26C32DCA1B39,1
BD6C66A9-65BB-4296-9CC3-847AA780101A,1
BDB24C1E-2D31-4FFF-899F-380DF11DB8B5,0
BDB7378A-63BE-4DD0-A58A-D4B44BFB48ED,0
BDCD6ECE-3F75-49A7-B84E-0EC3EA4CF701,1
BDD26907-F392-43C2-B76B-229BC7BC0C7A,0
BDDCAF56-9510-477E-A24A-84554D6F1470,0
BE155079-96A7-4A55-937B-F3A534A3802B,1
BE19746F-7578-4F60-BD68-BE4FBA2F6A48,0
BE233380-FEA6-4776-A9D2-7281917C99AC,0
BE2FA022-C2C0-4F54-A3A6-DCA2E3D4A29F,0
BE32359F-72A6-4FAB-BCFC-F3BCE455096C,0
BE3D99A5-0128-402E-8C91-5094DD0048AB,1
BE466CF8-20DE-408B-84F8-60B60ECC933A,1
BE560EFD-70E1-4505-8D0E-315798DC1ED8,1
BE8CF55E-9392-41AA-B9A9-7C030CCFB8B3,1
BE8F4E94-47CA-416A-90D7-F41EBF749932,0
BE94AA61-C858-484D-BB07-609413D14A98,0
BEA783DE-C90B-4946-BA85-58F9AEC1BD71,1
BEAD8D0F-401F-4770-82E1-77FE6EC1E96C,1
BECB12FD-B27B-4BD9-85A3-1B56863AB0F1,0
BED9AABD-9826-4B05-8605-719A0281A869,0
BED9BED7-83FA-49D4-98F5-C6280E0581A3,0
BEDAEE6A-E316-45BF-A3A4-213D9102A649,1
BEEBBF1E-AE03-4A90-A47A-8F9F59C64D61,0
BEF50999-B1EA-47B0-9FF4-74D3BD1D46DE,0
BEFDB661-BECE-4EEB-9BAE-C56300F4E3ED,0
BF13C573-912D-424E-8419-34120D8B3172,0
BF1AA54A-F338-4D57-BA0D-1A009447FE8F,1
BF273AAB-6C54-4D18-B249-B3C49C0176D4,1
BF306D45-7AE7-4F68-966C-42F9BD7E00AA,0
BF42F4F5-D3F7-4855-BFBF-EC5499F0E28E,0
BF8BF660-4F3B-4A5E-A918-7BC4FED0906D,1
BFB1A145-A2F2-4790-8068-A18F7A9577F7,0
BFD0AAC8-68D6-41E7-B4D3-77792C168182,0
BFEC6B30-DE3C-427D-A25C-346711585CAE,1
BFF35ED2-83D3-422B-B4BF-A024CB2F9E7B,1
BFFF5955-E928-4693-9C66-06C57FE08D21,1
C0111C7B-63A5-4482-846B-DDA2354F83C2,0
C020CD2E-2A61-4710-81C5-8EB112E291E3,0
C023D65C-3B72-45CE-BE78-D5F58F64FA1B,0
C031E12D-A3EB-4BC1-8335-46F8B44F22D6,0
C04C7F34-D262-4F3D-B882-39CB04426109,0
C04CF253-5D65-40AC-9976-3D3C857B7768,0
C04F2E38-CE5A-48F9-A478-F3E3624A835E,1
C0625996-5570-4359-B7C0-5067AED0D547,1
C0687AD4-B3A4-4B58-B334-553BD89DDD74,0
C07EAC51-7E14-4AB7-B498-927F10BC95B2,0
C09105B1-5D2C-4378-9F85-72C55A522773,0
C0930D00-F3E7-484A-9263-6C983A69DECF,0
C09F32AF-D6F3-42E0-8943-EE28728D8E1D,1
C0BF7953-ACC6-4AE3-957E-DFD41CA2FA66,0
C0D49393-8D1E-42C8-8B01-F42ABD85A038,1
C0D4CA4D-C6AD-494B-9563-5A215A3A6DC8,0
C0D61962-A7D7-4EBD-A9F8-AAC794EFC2AF,1
C11714DE-8964-4BD8-B666-B9E5BB1C9914,1
C167D153-8E03-483B-ACAF-DA2BAB67E2EB,1
C16AFF00-14A0-4CB3-BDA4-0B91486B26AC,0
C181055A-3CD2-465C-B6FC-1A81745CD48D,0
C194861C-1AE8-438D-A266-D9DD86F52D33,0
C1CD06C9-0625-4C4A-91A7-148D3DDD79BD,0
C1E6A18C-17D0-4F8A-B1FD-4B0352A73F08,1
C1E988F5-59E3-4358-9E48-CE1AC2C24BE3,0
C2109D27-B319-4960-AB63-456B293E6308,0
C215B41C-5BC8-4069-82A1-405298A55EB0,0
C222421D-E55C-4581-B1D3-CFA8C6FC6D22,1
C22DEE86-996C-4F25-B3B3-B5054A27E2DB,0
C22F4B2B-D221-4E05-87FB-E08227363563,1
C233D9CB-EC91-4785-8533-81A809CF5092,0
C259015B-8F8C-4569-B333-895693B30A6E,0
C267E168-C5C2-4CA3-A325-6E541B178E9F,0
C28EBAF3-196B-4249-A26A-518BF1403A87,1
C290CC56-359B-49F8-9B71-E83A3B64ACBA,1
C2B580AD-CF1D-443A-8BB0-FAD17DE26516,0
C2E5D7A2-C747-41CC-89CB-4B5AEC9BB6E3,1
C2EBAC87-CE69-4AE8-ABD5-27F97A891746,1
C30DBAEC-DE0C-456B-87DA-62AF193BE77C,0
C346AC3F-CD5E-4371-946F-8482455D05B2,0
C3486AE1-AECA-4D70-957A-509DD72FD623,0
C36975F6-83CD-4ABB-8996-7BC4DADD3580,0
C36A2B49-118E-4B7F-BA4F-CBC86C60A31C,1
C37028C0-24D6-4F66-9EEE-08003C8E13E4,0
C3717218-6E71-4B48-B41C-5AC1DC0A0BE8,1
C37BBF72-743A-435F-A983-36D2505EC507,0
C3A16062-ABE6-46CB-A82B-58764D061D03,1
C3AF819F-D8CD-46A0-AC48-17681540A0D1,0
C3CEC307-38D3-4217-ABE8-6C483378D111,0
C3D97549-0277-4562-AD48-95EC3A04A418,0
C3E749FE-122A-48DD-961C-C730CE61FBC1,0
C3F02F67-F159-4562-87AA-966D2D3059BD,0
C40B3C11-7EEE-4AA3-95C3-D332BCC7BA90,0
C40EAD24-C069-4854-B1C6-96D7A33E0912,1
C41825F4-2DD8-4BA3-8403-DE49C72F1D26,0
C421D40F-E510-4BE0-B8BB-D086F7951DCF,0
C42A3176-FFEB-4A00-9637-6F13324AF8D1,1
C437A144-B14A-4EAA-B4D3-C03263C8C242,0
C46C04DF-D297-4B86-ABEE-EB64E71D15BF,1
C4D5D369-EA01-4DCF-ABEC-356EF3CC6322,1
C4D82404-F5D4-408D-A6F3-7EE8D03FE475,0
C4F496A3-DCD3-4FE5-B905-AB02943B57B0,0
C4FB5DFD-A60B-4EAB-B3E9-43D67224C0B2,0
C502952F-7785-4E1A-8116-476796E98986,0
C50A5B05-1C76-452C-9E24-4AC1CA26FE54,0
C533310A-64C1-4837-AB86-AF261FB0AE86,0
C533E7AC-BAC1-4DD6-91B8-79CFE1EF2690,1
C541F4AB-B836-4AEB-83A5-D29A0F53BA9D,0
C5618FFF-98A0-40D7-AE9B-A53713E4CC33,1
C5724AC9-48E5-4C60-A12D-CD93374C09B9,1
C575BCDF-753B-4940-8609-3E28B28B76F9,1
C58083FB-6763-4069-99CF-17BB06C0E473,0
C5ACE041-3AF9-4C85-B80C-93FB7A3E24B2,0
C5D9B948-DD61-44B6-A891-B7B06081D3AD,0
C5F8FB76-0CA1-464E-90E5-7B45067C9545,1
C5FB4A42-5DDF-4CEF-A81D-8A28780BDC5A,1
C6009189-B55E-4DF1-BADB-884A17B2D17E,0
C602912F-B76A-4E48-BE4B-2A8228035A34,0
C60F7EEE-6E8D-4F10-B37A-5F6EEAFDF9CF,0
C6239D0D-6B0D-471D-8B79-A7D20004F404,0
C63139A9-FA87-458E-AEFA-1B6562F38925,0
C63DF8D7-998A-417D-A6B9-D1FE69DB8816,0
C64B7D29-5398-4631-AD61-4488B9BED440,0
C65AF425-8592-472A-9251-560DC357E1F0,0
C65CD769-7D72-4D9F-AAAE-762C4C25B4AD,0
C6649EFA-09B3-4117-8C81-10CA0008D8FD,1
C666F295-F91B-4393-85C2-A512E020094D,0
C67B632E-FBD4-46C3-9946-F79781A9B6C7,1
C6A23E1B-E83C-4240-B097-E14FC952F0F3,1
C6B1BF7E-5EBF-479B-8B11-720A30680CFF,1
C6BB7FCC-11E0-46E2-8805-0426BBBB4502,0
C6CAAEA7-EAB1-4A5C-BB25-52EE585F491F,0
C6E8F94D-31F3-4CB2-985A-5F7A4D53B4D6,1
C6EF3800-8F26-4092-AD45-02229FC3207B,0
C70BA50F-9A49-448B-9035-DA001375BFF8,0
C71455BE-982E-46B7-AAF2-58BA415FD7B2,1
C716BA83-FA81-4614-ABBE-A3B3715F2E0F,0
C719B58F-4B13-401B-97BA-2E43CDA6C425,1
C721E878-81D7-466A-A905-049FB4F584C4,1
C72989C0-2C50-43CD-98B7-151143B01545,0
C72F2FC8-0C21-428A-93A9-CCFCB3EF108B,0
C7440218-C466-4B85-9E74-8AFCCD8BA331,1
C747E78A-7B49-4645-875D-FE5A575D4A9A,1
C74A0D12-0E9D-481A-873D-824C17BBFFBF,0
C768FFE0-0EAB-4120-B6D4-EA3640794C2A,0
C76D7059-FF0C-481A-A351-A414E1F18C87,0
C77016BE-C2B6-4219-ADDF-E3E3980C0C2E,0
C79E1747-46A3-4B11-AABB-8B3B6DB1684B,1
C7A9693A-16FA-44BD-B328-45ACDFCCC055,0
C7AB19E4-79A2-4353-8F3C-993951642545,1
C7E54A48-E93E-4144-88C3-37760A04E085,0
C7F54E6A-1ED0-4169-95A1-E84A7777725C,1
C8111EAE-ADAD-4826-B6EF-367452EC902D,1
C8148C93-5892-45AA-884F-64E2745F8C3B,1
C8421DFC-F09E-4508-958E-9CA250869C6E,1
C844D72E-2FBD-46C6-9644-D6766CD01257,0
C84DEA30-1849-4990-951A-B3A92D1F1E6C,1
C85C22CB-FB94-427D-83D1-6F2F34484623,1
C85F9401-7254-4FDD-B929-4EEC6FB719DD,1
C86D1615-46C4-45C5-9A0E-F35F0E09CD87,1
C87C61F3-1F4A-4A98-A586-837DF828ABF4,0
C89C464C-18F3-41E6-A471-B4FC1BE61703,0
C8B60C4C-D982-484A-9F3C-BD03466B4BE6,1
C8BF35F3-EACC-4C4E-A022-9BC0FFE35723,1
C8C3EA4D-C055-4A95-8F3E-63C2CAB47D56,0
C8E04992-73FC-495E-B173-99298B6B6176,0
C8E086F1-29E7-4198-97B3-D1C23EB127F7,0
C8E46F8A-CED8-4CD2-8002-71E86B59448E,0
C8F19C78-4770-4A41-B029-6A9B31CBD38A,0
C8FAEBF5-0F07-45D6-A224-FD5F48E43C7B,0
C903ADCF-5828-4929-A91C-647D33935109,0
C90E1F4C-8A82-4A23-AC30-B63AB402EBF1,0
C9136902-BFA2-4E09-87EB-B348BA556BB8,0
C9503937-5892-41B5-B0DC-E831394E4AC9,0
C954F22F-5F83-490E-BC5E-34405DAA1C6D,0
C9639063-5249-4D30-8099-37A691F470FE,0
C963E690-85EA-464B-8061-F58FC4C93081,0
C97BDBCA-B2D1-4B2C-9ACB-9D12CB399AF5,0
C9936990-440F-48B5-BB75-D56BD9723CEB,1
C9B0788D-3C31-4C92-BD0A-7F8FA36BC18C,0
CA1EE799-3525-4FDF-A1A6-CC01214251A7,1
CA207004-ED17-4124-9C06-F270F740CF85,1
CA36FB08-2DFD-41FC-8473-941EC8C1E627,1
CA41D2B0-6813-4C01-9F8C-F228C0BF3EE0,1
CA4CB5D2-19F4-4475-BBE3-5057B08DC1D2,1
CA8EA70C-A70F-41C2-AE2F-FD3DF7EAE8CB,1
CAA2A292-18D4-4591-A771-2D52A2516BD8,0
CAB06491-4115-46A8-A134-80D16F2D01F3,1
CAB35E87-6198-46C1-800E-058B48C78F73,1
CAB4FDCD-E0FB-473E-949F-52A84CE06E3C,0
CACF1A7B-0D0A-4358-B66D-E4DA0487C381,1
CAE000DD-4BAA-4E4C-9DDF-6D4BC34C0478,0
CB104B61-3223-4A8A-851B-202FE2F38EF3,0
CB1ACF38-11E3-409C-A872-24B3D06C0F1B,1
CB1C8668-E0CB-4C68-AE72-03055DC0744E,0
CB354D45-0A0C-4104-A6D7-5E1143A24B5F,0
CB696B5E-BE65-4041-A779-7A3AF7BA1750,0
CB79BF57-E7C8-4A9D-9C20-70E0212CECA3,0
CB7AA1B4-5A00-4A8B-B29A-469E4208B0D0,1
CBD645D2-18EB-4638-ABA4-6F8F21588B1E,0
CBF13CD7-F2D2-497A-BB40-8B14CEDA3CE3,0
CBFDAC66-533B-4626-A208-B0B3BADAFBFF,1
CC0AE4CF-786E-4859-B09F-965189A2A632,0
CC21D2C9-3CDD-442D-AFB3-CDE663C8A84E,0
CC3A219C-6783-43D1-AB56-BEB803117E2E,0
CC5F926B-0385-42FF-AE76-AB88BD3A09A1,0
CC8F585E-5E5F-493A-B02C-0DDE05E1A78C,0
CC9910C2-A822-4832-87C8-B6317491B68A,0
CCAE9D4A-002F-4A8C-B50A-C38A7F39AF13,0
CCBC3F16-B736-4B9B-ADD6-123B5DFB7A7B,0
CCE7C0C8-5120-4D59-8CB1-10A49E841057,0
CCF37758-8AD5-41E4-8C2C-86E991316D85,0
CCFD8DC9-EC73-4E17-9410-E39F9FC6896E,1
CCFE40E3-129E-43F8-AD3C-B290665B859A,0
CD027D7B-CDA8-46FE-9D4C-F966CAB3E207,1
CD190212-848F-41D0-8D18-D482E4310766,1
CD2A1F6E-65F5-44F7-9159-406A53462809,0
CD423795-E0EA-40E2-8F81-625CED286B32,0
CD42C638-6AE4-4C51-9BB9-012249B7443F,0
CD569E5D-4FE4-4A11-9708-47D3B6B6B1DF,0
CD57D2FC-B6A7-42B8-A75A-856195778D36,1
CD9AD6C9-2EC4-4512-93AF-0E01B2AABD42,0
CDA695A7-1D25-4831-BBCD-01B2D1E59089,1
CDB84457-D862-4B42-812E-662B27347C0E,1
CDDF99C5-0CD3-4628-9E02-59285544FD1E,0
CE06E577-3054-4EB3-82C4-0481D3FF167C,0
CE28BC34-C041-4466-BE5A-0530472EC4CF,0
CE318D78-8DAE-4C0C-81E5-54E42CAA6EEA,1
CE447DA3-C9AC-427E-9056-53BC707E5618,0
CE5DE062-F67B-45CD-9D93-BA4C5D8AE94B,1
CE79F465-59EE-418E-BF4B-634C209E0E3A,1
CE7C97AB-CC3A-4B95-9972-E45A59732E0A,0
CE9CF3DF-66F4-4D5C-A682-942AF30D5BAF,0
CEACBF42-A912-4752-B2E2-0107C7F61DE5,0
CEC36AA0-A408-48A6-A055-F48A2DAE3430,1
CEE72E11-9D13-4816-B118-7F8BBCD56476,0
CEF88089-FF85-43AE-9548-4487B605EEFD,0
CF0F4CD1-8779-4198-85AC-7585C5D2634A,0
CF1092C4-0D8E-4F6A-B7A9-95E426D54B3A,0
CF474666-EA11-474A-A9F8-902C04A40217,0
CF5DF454-756A-4AA3-A431-AFAB8A46C27A,0
CF684D09-0014-4897-9A4C-B46259141BE0,1
CFC6A0D3-850D-4669-BDC0-AA5813BDCE9F,0
CFE7F769-5EA9-4C28-B68E-EC1116BF4095,0
D0117461-0428-492E-8E7F-67D9F81D1891,0
D014603A-31FD-40AF-A809-FA874798D15E,1
D019FCB0-AD88-426C-8332-8D70F7359F7C,0
D03F0E4E-9184-4796-8969-231216D7E1CF,0
D0568A7C-F357-4DE2-882B-2BA631D2DB1E,0
D078B8BD-CAF4-4250-85EA-2A09D278A4E0,0
D081C392-9208-4AE4-86D7-8123CD753802,0
D08F5617-20B9-42BC-9344-F46E250CC45C,1
D091B9B4-B8CD-4DDE-8591-A4D88D28AE99,0
D0965A39-DFBA-4B33-BD73-93562EC14EE0,1
D09A9764-CEB9-410A-9FEB-68EB0296BB21,1
D0A1B190-1A59-4B3D-B326-2A4AC56E80A1,1
D0BA88D2-CE3B-4869-8327-7F3D7725B88B,0
D0C67595-068A-4FC5-994F-48E38446EC67,1
D13580E8-FE4E-4941-97C6-38CE8D8147E1,0
D15C91E2-D011-4A10-ACD8-9A269F7EE647,0
D167AAD7-76E3-49B7-8BA5-1960BAA56442,1
D16D7060-5185-41AE-8013-7583376EF22D,1
D1763CC4-FB14-41AE-A3DF-1813A1FBEEEC,0
D17990DD-0E4F-4C20-9E33-DB62277B3CD9,1
D18E4753-5D88-4B0C-A4B5-7E0F1019B2D3,0
D18F70AA-1891-4104-AD94-68847BE81399,0
D1A35735-2527-40BF-99A8-18DD3806727B,0
D1AE2FDC-2826-472F-A306-FD43FD659FE8,1
D1B10CFB-09A4-487E-8225-683F36D093FE,0
D1E5BF3C-9DA4-43E3-8679-AE15F38D3841,0
D1ED0D97-4658-44A2-A358-90E7936CF536,1
D1F5770B-5D27-4685-B7E1-E9FDF9CA0169,1
D25A9102-0E58-47E8-AEA5-CCA9F952D32A,0
D25ED8DC-C3C5-4CAC-BEE9-415D27F5AE2F,1
D27EF794-156F-46A3-AEAD-476F1EDBA133,1
D293A651-7EF6-48D0-BE32-456854BCDA40,1
D29F1634-2898-462E-B095-7C65D656D807,0
D2A9B346-A2F5-4D2A-BC80-404E2F8A9265,1
D2B7BC12-1CFD-4D88-BEA5-0161B139BAA6,0
D2CF3774-E160-44D9-B468-EB6655CFFEA9,0
D2DF8274-A36A-4283-8BA5-B9D234AF3522,0
D2EB62B5-9941-4305-B121-6F367EB84019,0
D303F96D-44D6-4C74-9190-939EE91791A2,1
D305CCB1-6DD0-489E-B77C-42C52D2C7483,1
D317BF6E-42D6-4FEC-A44A-C35998020C9B,0
D31BE955-B6DF-46E8-ABEA-34A6CDFF192E,0
D31ED1B3-0112-4EEF-B2BA-09C6E0EA9CB0,1
D3219202-5D60-4216-83E2-C17B553DB7CD,1
D3276028-9041-4753-AA05-81436332115B,0
D33CD8E4-A95D-44BD-83AB-6A55A8CAEC33,1
D34129EC-6C2D-4CE1-A6AB-3D61F2A4FE27,1
D34F757A-EA9C-491B-A0F8-D123A4F61DDE,0
D3652EBA-0E25-423C-8893-0D60EF18393B,0
D366DC5A-3A02-45B9-BEE1-AA1D2693BBE8,0
D380F407-255B-4512-99C8-F091041EA462,0
D3837387-DAC5-4E80-9A51-DB0E11CD7E74,0
D383B47C-B7E4-4E8A-A1D1-83A6DD72DB27,1
D390751D-7958-42A5-B8A9-4C7498F1E35C,1
D39154D4-66C4-427D-8F6A-5FB9A5206079,0
D39263AE-0F47-4C45-AEF8-C93C58BDB0BD,0
D39AE669-CF10-49C1-BF77-A7F5A973815B,1
D3A0CABC-082C-4159-A6BF-1E39681A765B,0
D3CB666C-D10D-4390-98D9-DED8199BCD66,0
D3E0B1F5-52B4-4E5B-A1AF-F2780E32A387,0
D400D047-4153-4FEC-860A-58B2D3A3A1CB,0
D412F87C-8C5D-43C5-ABFC-DE41689F6B6E,1
D41C01F9-D4B4-45DC-BE0F-E507C42602B9,1
D437241A-F98B-45F0-895E-829D24F76155,0
D453B7A8-423C-4227-AC5D-6D002CFCA292,0
D484DF99-D0A6-460C-8FCF-8AE6DF00ADB8,1
D498134F-7C88-48AD-816C-3D1B979AA863,0
D49CE6E3-287B-4B59-8774-5F68AF4EFCBC,0
D4A195C8-4482-4A01-90AC-9D219C5DD14C,0
D4A989A1-BBF4-420C-8F92-B9EE63B5822B,1
D4DA7CAC-8B60-415A-8396-B33FDFEE9269,0
D4E4E007-EBD0-401D-BEA7-A28A424FCD08,1
D4EE62A0-5F07-4FCA-B679-39B339A56AE6,1
D5014570-43EE-4F46-96DE-E163366932CC,0
D50EF3B5-3999-4C65-BF6D-357B289D272A,0
D5262991-48EA-4C89-9A94-31C0CEF4F070,0
D5348FD4-B208-4B1E-8B70-2F958EAD5589,1
D537C3DE-0EB7-4A67-A48B-78141B45B3C0,1
D55FFE8C-4A09-4B6A-8413-019F8AADD951,0
D57727D3-D1C4-40C1-B15B-BA110AEE6CF0,1
D5865179-BAC8-4A95-BD10-9BDC56C79A86,0
D5899299-08FE-47BA-9D05-FA16A7FF9A97,1
D5976AE4-2D64-472E-91C7-F64802E48057,0
D5C5B2FF-8A9B-42DB-B0CF-E4392B0B6D33,0
D5D24402-40BF-4B93-B292-854AD157C4E0,1
D5D2E473-C72D-4986-8104-9991046E9E5B,0
D6631DFB-7A00-4BC6-A6C7-766F8281F870,1
D66A5DCA-8E81-4A99-BB9D-881399C34AA8,0
D68AFA36-B75E-4752-85EA-487B6B4325EE,1
D69CEDF1-701F-4183-9EAB-36DA7DAFF86D,1
D6BCADD3-9DC6-4279-AEDC-DB6F17A96CB4,0
D6D6A1A3-0D78-4A8D-AA55-2C4A5472958A,0
D6DD790C-5623-4EC4-8284-B850D7716B99,0
D6ED6EDB-7789-4776-94CB-37ED75F00F35,1
D71F5696-8BD9-4FEB-A398-D65F832C4030,0
D72221DC-D67F-4A49-B5E5-883E2BA49B46,0
D7250D34-8C2B-4AAA-91AB-6D560F42B341,0
D7265D3C-700A-4A67-BEFD-107D1F6B872D,0
D7400466-A294-4A1E-B55F-F3318C548F43,0
D764233A-3D71-4F8A-80D8-D38426FBE2C1,0
D76FB1EC-A3EC-49AF-ADF0-9F1C3FCCD71C,1
D78C56EF-64BB-41A2-943B-61FE9CF7ABDA,0
D7A3C3E8-8FE6-456F-B817-0DC400FC1245,1
D7A64CC4-B5D3-476A-8C5A-87EBEAA5C885,0
D7A8FA75-1C99-4F26-AA5D-C966A98274B3,1
D7AAE730-9366-4650-9A36-DBF42BF37835,1
D7BD7D61-ABC5-4101-9A52-2BCFC71E148D,0
D7D627D2-7C71-4F85-B408-72B31B78CEA7,0
D7DA6338-7D13-4F90-AB4D-A108576DD5E5,1
D7F31F47-368D-48A4-ABCC-1E167FEDE547,0
D7F469A6-5E14-4FD8-B993-567CAFD2AF0A,0
D811160B-C05C-498F-9B20-09F378126072,0
D82A0B01-91F4-4579-88BF-1857DE5B318E,1
D82D6979-69FD-48E4-B2D7-8EECDF66C9E4,1
D834CCA2-C85A-4E37-AA22-4FFB53FF9D4F,0
D83B961A-62C8-43AC-94E5-6FE39CA0D050,0
D846E0FC-80C0-4B9A-82BF-B0A862E28FE5,1
D846F014-7FA0-417F-BF48-F89371C47453,0
D859D6D9-7344-4E89-941A-2527E250F5F5,0
D8682CB7-A2A9-44D1-9E67-6433BC4C0595,1
D88F9132-92EF-46C8-A99B-3A637F489876,0
D88FBAF5-6233-4361-934C-4CBA307DF1C1,0
D8A7B560-19F5-4DB2-842A-F1F94FDE84BC,0
D8EDBB9C-FFD6-4575-A760-86505497D093,1
D90ED8AD-A96A-4B64-A727-C721EF1F437B,1
D910FA4D-0CD0-47B8-A481-4457018BB579,0
D91E3E84-6344-4F92-B92C-43FDE7ED1536,1
D9311D98-4162-4CA0-B09F-D599078AC97F,1
D9434B3D-D571-4ABE-9714-2BB709B30B57,0
D968765C-C2DD-4351-9566-523A15E49E9E,0
D96C76B4-3588-4950-B977-82628C8AB1FE,0
D96E4388-DEF5-4E01-B772-1A81200EA310,0
D9726D0C-641C-482E-8E0D-D54FE1F78ECB,0
D9A1E080-71BD-43CD-B828-3911565B56E5,1
D9B46475-2DE8-4A62-83A1-F2DFF8BCA567,0
D9F468C7-ABE7-46DD-9CE3-E3CC7A7EC9B8,0
D9FB70A4-4631-46E3-9D99-8B20A4750E2C,0
D9FD5C64-96FF-42AB-8D31-9B37DEBA5D38,0
DA24C855-9CD0-45FD-BC4D-F076B1A89BE3,0
DA355D15-C9E6-44BF-86D7-4D648206DC8B,0
DA3EBF6F-4520-4872-A6CC-5633858EF782,1
DA4488C9-627C-43DB-9FA8-0E48C9E5C1CF,0
DA4D9DAA-8851-4F21-ADDB-70DEA32AD904,0
DA5B736A-C938-4A1A-AE6D-DF508669E500,0
DA5F6CCD-6669-4A32-A4DA-CA9D1FFA2284,0
DA7C7584-DB4A-4479-88F7-A2AC25C93DF3,0
DA7F06DE-F06E-496F-8C55-8BA3E05E6927,0
DA808922-82DC-4A1E-B7B7-C1D10C9F7203,1
DAA0E892-0FF5-4E5F-9025-5B6DE0AF548F,1
DAA146C2-FC4D-499D-99FF-23BB14A5D6B0,1
DAA6C766-3B73-4C1F-9DF5-7B0BB753F914,0
DACC6C75-A1C9-4CEE-81DA-7D55E28863AF,1
DAEDFCF6-F380-48AD-A91B-5036642E8159,1
DB031E35-8F7A-4FE5-A2A8-FF1229D7E36B,1
DB09B7FB-D714-4213-A7CF-C8EC9BE487A3,1
DB1F5A42-8078-49B5-86E7-EBA3FDFFA496,1
DB21DF26-5237-449F-AB33-C5ED08CA8725,1
DB625D04-7C1D-466B-9060-2BA0A260AE02,0
DB7334A9-AA5F-4CF1-BC32-44CFC457E407,1
DB81F616-E3AB-4DAC-9688-306CD554659E,0
DB977952-8604-4B0A-AF2E-E175D28C61DA,1
DBCD5CAC-3983-4A14-94DB-4E1D8F22C089,0
DBDF4DEA-D17A-4842-AAF2-EB0B097FE4B1,0
DBE8945A-A177-4C73-A0B9-F784334FA9A4,1
DC03B583-76EA-4C07-A299-4A0477B04433,0
DC056555-B4C2-4F4C-B745-C1004ABF8716,1
DC0FFCC1-7C1A-4CA2-8686-9AC030C4E37A,0
DC326DCF-8FEA-43E6-B9CA-49F3025DC2B9,1
DC414BC5-24E6-4F8D-9E72-58089AA57CE3,0
DC5CC368-4381-4319-A648-456C06B117F9,1
DC5F36AC-6CD8-42B3-9C40-B4F84C4CD637,0
DC7A4D0A-5524-43BB-ABDE-DBE25514F118,0
DC84B3EE-64D1-4052-840A-E45E5571C670,0
DCBB43C8-4580-404B-B2E7-D90EF4FEA1F2,0
DCF93833-A20F-44DB-AABA-E81ABD1004A3,1
DCFD14DE-183D-4CC1-8C4A-0A45FAD4D40D,1
DCFF6CB6-4268-4A0F-BA25-C7FA19EA38DE,0
DD2E0FED-49F1-415D-8E5B-46EB5D7AF7C9,1
DD2E8D93-FDC0-45E7-8EF0-A49C561B9151,1
DD507B2B-D6C7-49D3-B466-C84BBE038BBA,1
DD59C612-4132-45A8-9156-9EDF04EAC70D,0
DD6540C4-AC61-4004-8BB1-87E390E7669A,1
DD81AFB9-5912-4B84-8738-101FAFA26B90,1
DDA3C29B-8721-4782-901B-53239800434E,1
DDB2CDB2-878B-4D3D-9B21-2A26F5629690,0
DDB87F8D-E964-45DB-97C8-5F491CAF1EC9,1
DDC94955-0A35-4743-B395-54D6210E487C,0
DE13F7DD-FC46-491F-B0B8-F1CF32A0FFCB,0
DE15BFAE-4FE5-49D7-8023-4A193146373A,0
DE211AAB-2582-4BF5-92A1-75A646DDD6D2,0
DE26DFCF-7AE9-404A-B5EA-647026E57A9E,0
DE3982DA-4C89-4E53-B577-EA9F19FA5367,1
DE401AF2-9907-4F2F-ACDE-8FC6C2DE3615,0
DE4795CB-1771-43BB-9311-A99D2B0217C1,1
DE49414B-C3C8-4317-B52D-1A12CD6B337B,0
DE566DFC-7ED3-4005-AA7A-1B621E933C36,1
DE667536-C0F3-49AD-8E45-46E3709081C2,0
DE6C2C04-9ED9-4BA0-B59D-91224B07E861,1
DE785024-AC89-438A-BFD6-A51CCF68F037,0
DE931213-7965-468A-B008-40140B31B6EC,0
DED67A53-2825-4278-97E9-001E6B5BE4F5,1
DEDADDD1-CAC5-4ACA-825B-8BB59FDD1E32,0
DEE8662A-639F-4971-B8DF-E8A2ACC0BD53,0
DEFA5B55-BE35-4183-964A-699C9B79AED6,0
DF09EE99-2CE0-4221-98A0-CF54831FB78D,1
DF0AD937-7119-420B-9D00-A202887659AF,1
DF3A9B9E-1055-4B15-BFAF-DEA5CD7E7BFD,0
DF479CFD-AEFC-4C6D-9741-C36BD8BAB404,1
DF5A9FFF-0917-47F0-A4E2-FA3C96D8212C,1
DF6836C4-8333-4382-BD17-6772019A045F,0
DF8C1FE5-F253-447E-9130-85A599094E66,0
DFBC700A-7353-4ADE-97CF-C7EDB3C2632C,0
DFBE0C74-1027-4265-824B-9F11304B2FC6,1
DFBFFEB8-E093-453B-A2C9-9123FD168AF5,0
DFC99D06-2AF5-433A-ACC3-0CEC4AF3B2E1,0
DFED9EE7-45C2-4AAF-A976-A03248FE778A,1
DFF2D729-6991-4B72-9E4C-6BF0D6334C4B,1
DFFB751B-9E86-4A67-879D-1886C0E83EBC,0
E0007565-9C47-45B2-B07A-C4E43ED357B0,0
E0094D21-1DA4-448D-906D-2E0B9E19884D,0
E01A41BF-7E9D-45BD-B015-6C21E97D29F6,1
E05D1CD5-0278-458F-A3C3-8C7B18920FB6,1
E068AA30-FCCD-4FDE-84F4-BA6A2106AB09,0
E06BAA31-23E0-4D15-950A-DDC96FA746ED,0
E08214D3-4929-48BD-B7CC-3AEE8F1D8D1A,1
E08A93A6-07C1-426F-9F5A-96852B45F893,1
E08BE841-67D9-4D43-A98B-4FB29FAB7447,0
E09A82FC-E0A3-4A47-9902-482CEE1C17D5,1
E0A8F0C9-665F-4121-B595-587AFAF2CA3B,0
E0CB1F40-E629-47C3-BE48-8F40B2E5CE1E,0
E0CB6025-3557-4547-8E04-D4FCCB8EC21B,1
E0DDEECA-3AC6-427D-AF85-C15AFEE0A122,0
E0E3ADAC-C8C6-432F-9405-D453196145A7,0
E109C3AB-BDEA-4BBB-B9C5-A23C5ED586E2,1
E1131AFF-F617-48C9-AFC4-5644E8B489E9,0
E1390A57-4C47-4157-885F-2580CB58D54B,0
E142F079-5A15-483C-B2C0-023D6A4E4C15,0
E14D2989-EB87-4B9B-8BBA-2B9BEF281403,1
E160671A-A726-431E-B381-F0E419BB7359,1
E161D09A-1BF0-43F8-B252-892755EE5294,0
E1790DED-D3F0-450F-A658-047BD75421D2,0
E17A5D0C-525E-4BDB-8A65-642C669E5467,1
E180E411-F7F1-4E3F-9F94-8E867052874F,1
E1866825-FBD9-4CA5-8A1E-3E073501A18A,1
E18FBF35-6783-4662-A443-AD1F4C8E1795,0
E1905099-1077-4089-BFA3-C55AEC2C8E8D,0
E1968005-521A-44A1-A2E8-F7A20E55663F,0
E1A44CF6-2C75-4F7F-B1AC-82D9671E48EF,1
E1C1564C-4633-46C0-93AB-0E4D977DF56F,0
E1F50C30-BD41-408D-81A1-945DC95B53F7,0
E2058D72-340F-4A75-9457-B9CAA107A8DC,1
E21BCE26-7EA2-4BD7-8AB0-D9B8828DF7FA,1
E21EEFD1-9C79-4149-8E83-F3AA3AECCAF4,0
E232E16C-D78F-4F17-990E-CB02A86F958A,1
E23943C7-17F0-4FF8-B75F-71CC3D5C433E,0
E25D4950-1E60-49E6-ADBC-E6259B147EC2,1
E2638D4A-9640-42D9-9F24-B433F597A53E,1
E26994D7-AC65-4382-9B9F-F4B59EE6C5C7,0
E27A7168-9F6B-47FB-B645-7CED530309FB,1
E2AE4677-AC0E-472A-A0F6-368E9616DA70,1
E2DC4684-FA16-48F1-9EEC-2E7C2FF8278D,0
E2E8052F-5EBF-4C66-9C73-5800F6FEBE9F,0
E2F5C49D-06E2-4711-AE8D-782F2B306855,0
E305776C-1F70-469D-875D-6F0B95E41043,1
E338BACA-CA95-43D0-80A0-51E23A91B448,1
E33DB8D5-720E-4D67-BD7F-C14BFCD9C654,1
E341B470-4FB5-43F9-A259-2CB22CEEE330,0
E342885A-8922-4660-B81F-FAC506096A74,1
E342C906-1252-42DC-BD24-88EFB95994FB,1
E34E6A4F-2FE0-43DD-8060-239D9FD426DA,0
E3872FCA-CA7F-4C9D-B0D3-150934D3EE1F,1
E395BBBB-1D07-4994-A747-2BC0104EBB0C,0
E3D0B377-5821-419A-8863-66E74CBCB0B7,1
E3D1E15A-B71D-4AC9-B329-1F7DFE9FA148,0
E3D2527E-9B73-4E2C-BA42-084DACB257A7,1
E3D70F9D-789E-473B-A24E-87022F1B1FF3,1
E400EBDF-1F88-4642-9871-FE4B81FFB2B0,1
E41F47BE-7A5A-4D32-873A-75B7017340EA,0
E42A8946-4650-4017-A8E8-1C5E0B937FA6,0
E42CB76F-04EC-4DBA-801C-53AEEBA66543,0
E441D9FE-25FF-433E-8868-9C6D8ABCE775,0
E484338E-E5B6-4C81-8FE6-59A8179308C3,1
E4892DA1-B08A-49DD-89A5-94759C3054F8,0
E49973D0-C6F4-470C-9BF1-91CC67FB59E6,1
E49979E0-DC00-42CF-88A4-2FB3A7EDB038,1
E4A594AD-7B6D-4B8B-A16A-A2D7D95DB4AB,1
E4AFA4FD-A9B4-4D34-A0B1-6655C3BB7444,0
E4D83D29-DD83-430B-9B14-DA4513855312,1
E4F5E0C5-6D11-49C1-ABF6-AE8D329DB02E,1
E52BB5A6-FB29-4925-8DE8-B064A4F92F87,0
E5318A88-FAF6-4D98-8A3D-E9D49B68D7B5,1
E532271C-6A92-44C9-864A-05ED9E530D76,0
E53DA9A1-BA61-4DE8-B46F-042436143944,1
E56C0F81-BE95-4EA4-8254-51FB5B020092,0
E57A2716-1556-477B-B84A-538104F0EEF4,1
E5A9378A-339B-4AFE-A171-778852116A30,0
E5B019DC-A4B2-4C53-AA74-7AA8BAEDECE3,0
E5BD35D3-DED4-42F9-8C34-A6E3F2E35396,0
E5DA924F-6BCD-4541-B236-907F501DD5A2,1
E5DC0C47-18DD-4F44-BFC2-FDE5BE2C3503,1
E5E74FD4-F915-43BC-8311-7ABE1C1D10B1,1
E5F1EBDA-0542-4254-ACD9-E831C0FD655E,0
E5FDE9AC-A3D6-472B-BC2F-1BCD045A6302,0
E61122F1-6528-48DF-BDB4-8F82442993C7,0
E613AB27-2058-4A03-82DD-F8F449BAD4A4,0
E6313E7D-C6BC-45AF-8745-1E4714124488,1
E64A2466-19FF-4C6D-A076-0373AF072512,1
E651961C-378E-4B20-A7BF-619E43221DB1,0
E668E11A-0092-4030-9DBD-5A6FC684DA09,0
E671EBF2-B48C-4CB6-A8E1-BADB5FE4725B,1
E677BB8F-7B05-4DE3-A73F-6A0EF35D7FF1,1
E678E2E7-F726-4C3C-905D-4298D0B95A5C,1
E6B021D4-C40F-44B0-9FE8-E808EAD9FCA1,1
E6B093A6-4D0F-4B7A-A4E9-3472FD291690,0
E6B75D8A-5936-478C-BFAE-FFE6BC0C7D8F,1
E6C32D27-178F-4B5E-B7F9-FB1F396D3953,0
E6D23876-85FC-4E63-8EFD-7EA3B6CD9841,0
E6E553BE-E972-4723-8D77-82FD223B5F54,0
E6E6F214-9448-490D-9974-8BB170EAF213,0
E6E8DEF0-0DF2-49D3-8A3A-028E28C2E813,1
E6FE2570-76D3-4163-8485-6D572FF819DB,0
E7015E9E-F2CA-4285-835C-849E3496C3DA,1
E7077011-5200-415F-A53E-A2A4E7B92F21,1
E70D15B8-5400-4106-BAA9-937875299B60,1
E726AFBE-3B7E-4576-882B-96F0B204BDD6,1
E7375F7F-1CC9-44C3-AC64-3D4EE3681EDA,1
E73D2FD0-21E4-4BFF-8C61-E58AA8038391,1
E7424B5E-7F85-4D82-9D61-1D13A04E105F,0
E749BDFD-509A-4E63-BE84-19B60173693C,0
E78A4055-229F-4868-A80E-6C64EFACB54A,1
E79BBC78-E32A-48BF-8FD3-8A2BD344960B,1
E79FE616-D7A6-4BD7-98EA-EA7FDB1198E2,0
E7A55773-1EB0-4706-BA35-A6A377926140,1
E7AE3CC3-C076-438D-AE82-301EA85C0B4D,1
E7D5A897-4D9C-4AE8-8357-98C288F3FD65,0
E7E74F70-B1DB-46D0-BF74-7D176B5496E1,1
E7F69C0D-582D-4A61-82C3-9CA558D5E89E,1
E801605A-B7FF-4EA4-AC21-85583C54E96B,0
E8155364-6EB1-4C81-B2D8-CFA6B6E6E911,1
E82DFAE0-D593-4183-8D0C-88EA330A38B5,1
E82FBE73-027E-4D0A-A70B-31D5374645BA,1
E8356E90-A1BC-4EFB-8120-4D436AF5873C,0
E83D6A5A-866F-4164-B5A0-54A0B4812A2A,0
E867F077-758E-46A0-A251-0E661A998C30,0
E86A1A31-194D-4D18-AF6E-6E276FB38F2E,1
E86D8DFF-952A-4339-BFD8-489388D7B308,1
E885C794-BAFD-48AF-B4D6-82CF823798B1,0
E890C127-89A6-48D3-A040-94A858DE778A,1
E89B01F4-D170-444C-BC1E-271ED19FA97B,1
E8A85775-D057-44CA-82E7-04CD3510C13A,1
E8CFD6DE-2B17-45B9-B396-99328512266F,1
E8DAAC4C-FE77-4C2B-91E9-D54C38CCD5F5,1
E8EF99E6-6487-46DD-AF43-9A31067D7255,0
E90995B4-1A5F-4BBE-BEE9-22348A5A14AC,1
E9139869-3482-4DF5-AFB1-DFCC14DAFF07,1
E9168E2A-2DAA-4AE2-929B-0DB12E9BB380,0
E91C7E44-C528-4C7A-A1AE-FF7A9DD8FCB2,0
E91DE8F5-C810-45C1-B62A-60E71A6A3979,0
E927A6DE-ABC5-4A4B-B93E-941F46DD85CE,1
E9579BBA-9B28-47C1-A557-BB18CF19716E,0
E9655FCB-DFB9-4D2D-A7FD-157D439497B2,1
E97CF0C2-DD63-4AA1-99A9-B16D9A323F45,0
E97D1D2C-FB61-4DBA-B2F8-C1704AFD823C,0
E97DD3F5-7324-4782-982E-7872C7330791,1
E9A31F22-2268-434F-8366-873E6A90DC5D,1
E9BDD80B-213C-450C-8B57-5842F76C70D9,1
E9C31770-85EB-488B-B129-767D59B44479,0
EA041DC7-6158-4A50-8125-5675B2AB49E4,0
EA0CBAA5-9FED-41DF-93DA-E3599B868169,0
EA137B03-1E22-448D-A2C2-9D4D0298D48E,1
EA212532-D6DA-4D9B-AAAD-05640071251B,1
EA21FBB1-F939-4FDA-8DD7-00EC0FA7850B,0
EA28814D-0D3D-4669-A4B4-7FC4EF3D9FD7,1
EA2F23EE-452B-49D9-B5AF-960A9035B978,0
EA594D52-76F6-4B87-ADCC-101C8B352F34,0
EA8355A4-572E-45EB-A555-50C53D0E99A2,1
EAA39ECB-90AD-4076-9671-3ABD25AA750E,0
EABCCF7C-EF51-4BD1-ACFE-4394981A494A,0
EACECE0B-7481-4B00-8BAF-1A79EB352BAA,0
EACED28F-344C-4608-B777-BA221E7BA57A,0
EAF318D8-2D4B-4B40-84A3-55C4A15ABAD7,0
EAFB9178-C060-4174-B08C-741A1359760F,0
EB0E3B5E-ACD6-4258-A7DA-40E4937AC389,0
EB180106-71D9-4E64-BB1C-C7307A2F3D24,1
EB29FC8D-080A-442D-BE10-1646CBADB90C,0
EB3408CF-23CB-48F5-89AE-EAD7D854F768,1
EB36E05B-029E-4C62-9308-38C3A179A268,0
EB38AA41-653B-4C9A-9598-80C5F04524EE,1
EB500C35-19BD-4479-ACC2-0EC64297A49D,0
EB527214-0E04-4EE4-B920-881B6BA5D814,0
EB53AA7E-AC3D-4E98-8155-3BFBA2B7342E,0
EB56BDC9-609B-470B-96B0-F33F0C3EBA3D,0
EB8F9EFA-3D29-47B4-AF0B-7AC0FE3A460A,0
EBA28C7F-19C2-4B11-9E90-CD34808430F1,0
EBA8FEAB-5D25-4187-82B2-456429C90A36,0
EBAC7BAC-5CB6-46F7-97BB-E396704D26A4,1
EBB4CE46-DF9B-4311-9629-B32B14C61CA8,1
EBC80022-BE9B-4B45-94D7-E0705E3A2A00,0
EBCB5EDE-DA8A-47BE-A122-A71F54618F59,1
EBCE0C2E-9B2A-4A6A-BB05-9A6CA352C342,1
EBE88116-9792-4946-9C01-8DE49028C906,0
EBEC641B-F260-48B3-BF3F-C14EC6FDB0F4,0
EBF142C1-7007-4CFE-80FE-C4016439885D,1
EBF559BB-F62C-4D40-86A7-EFE4BD748F81,0
EBF56DE9-6EB1-40C4-9ED6-31AC5D44CBA0,0
EC046476-C676-4405-B05C-C066DAC10181,1
EC12A2CF-07C4-4238-9000-DF42062B64DD,0
EC224536-40B9-4693-A14C-F359271FC41C,1
EC233A27-27B9-4C17-9210-8A3B9DAB1E6B,0
EC4B3B4C-7123-455A-913B-4C449430BE11,0
EC647008-0117-4174-8FB3-6815DC095148,0
EC791EC9-40D5-46A8-B904-1CFA60E74236,0
EC8536BE-4BE8-4408-A2A9-A882775ECBBF,0
EC98F17C-4B1D-4F62-9360-EE2246148DFF,0
ECC8A3C5-5287-40D7-B911-C93D4B8499AF,0
ECD04500-6C94-4B59-A847-715EAB72760D,1
ECEA2574-7303-4BA5-9189-184017399C1B,0
ED14EFF0-78D0-4DD6-B01D-9600A109FFD3,1
ED1BFE8B-E589-4DCC-BB23-2B4CBFD885A8,1
ED223266-58D7-4608-9259-90DE3019FDBD,0
ED315AC3-683C-4042-B7A7-55BB16FDAFBF,1
ED3AD9E2-6791-402E-A0CD-4610395E9378,1
ED3D4496-3F8B-4A61-92F9-AD7AB302433E,1
ED472E97-F28A-444D-877B-3E1CF0A9AD85,1
ED48851C-7BBA-4456-912B-C3FED4C01A00,1
ED52336C-342C-40F7-AAD9-4AAA1EF64A6F,0
ED7FA536-95E7-4D1E-9202-DE2319A7E210,0
ED829658-5AB2-4DB2-A528-5ED062FEF52A,0
ED8428D1-B4D5-463F-B75F-ADA87CAE5F6C,0
ED852D43-E8AD-4C15-AB6C-007E54D5573D,0
EDA0F156-50B4-4F93-87F3-3DD9EC5D9536,0
EDADAAF6-3553-4A2D-9ED2-3E4B90041E99,1
EDB78386-859E-4244-98B7-EA6100EAB649,0
EDB78B41-E7E1-4A86-9709-B7FF59B859AC,1
EDC00C57-6E93-4B8F-9331-33AD8FD98CC5,1
EDD0A578-C1B4-4EFE-9269-9E36940628A7,1
EDE41524-B319-4E2B-B728-F03BF8652078,0
EDE70A84-1290-487F-A07B-498B3D6A5466,1
EE05EE02-31FB-492D-B094-0B8F71434C26,0
EE097AA2-4DD8-44B5-B41F-D5A57A61C958,1
EE0FCAC7-28AE-4BAE-8DB3-7223313CFB98,1
EE175B01-7241-498D-9845-8A521F989482,0
EE1963A4-0819-4AC0-81AE-0E96683AA375,0
EE2EAEC6-11A2-4F02-9795-D402E0026CFD,0
EE7187E1-E080-4DC4-BA47-560CDCF32F68,0
EE8327A6-6EA2-48F2-A355-7ADA477008FF,1
EE87F91C-B12B-4A31-A19E-926176559ED7,0
EEB29B7B-0C3E-4C58-B438-07EB8A2DD8BE,1
EEB8F1D1-81B1-4D1B-BE84-F0FFF2E2B22C,0
EEE2F1D3-70A5-413C-B231-58BD63FA212D,1
EEF587CF-F9A3-4579-BCE3-776B8961DB95,0
EF133684-8594-4CC2-AB71-0788C4BEE27E,0
EF2AB55B-54E5-4E0F-BD4A-E49103E78E16,1
EF2C55D8-B68B-4909-8A65-1F6A13EFD844,0
EF39DCB9-BDD3-4D7A-A348-9DA6A62CF89F,0
EF3BE383-4E6C-4AD8-BB94-CE20F5A36E54,1
EF7A7169-E468-4492-93F8-6A1C4002D847,0
EFA2DAF2-5B0C-48C0-B08D-B65E22B6D6D0,0
EFA63FE4-086C-44D5-A1F4-3FAF6C7E9A4F,0
EFBF43FE-0565-4F7C-AB8F-1C3670D2DE14,0
F004D693-9C70-4B2A-BA66-4E841038A599,1
F008976F-EF8F-490E-928D-BE3764D376DB,1
F01550AB-22C8-4E0D-B481-A9BBB5C737A1,1
F057B246-B276-411F-8248-21BC6166DDFF,0
F05A427B-7714-4133-B254-E639D357EDA3,1
F0900875-6CC1-4FAA-9F19-A2DFF9B3E9B1,1
F0919F12-4267-45C2-9416-E6AD233C6809,0
F09E5CED-2F30-4FC8-8973-9AFDFE233620,1
F0A4D9B4-9868-4A68-99EA-3D2C667C8ADE,0
F0CF8B79-7450-44E5-A638-E87F22F1DCCA,0
F0F60F00-B94F-4AF5-80F8-1ABE33BC37CB,0
F0FDCEE1-8EA4-42B3-87F1-152DE3E82D61,0
F10262AC-6F22-4712-8A3C-66886D9CF2FE,0
F109FB69-6412-4235-930F-E3D1C3FDA44F,0
F12CFC99-5A04-4C0A-8301-FE1F5133DE5C,0
F12DCC8B-12DB-4B47-ACD9-24F9E0EA50B8,0
F13C5393-7EA6-46AB-8831-B62E5FE7A8AF,0
F141E261-0643-46B6-8368-B7BD898A9E15,0
F16DDD02-4A7B-4B71-AA41-0D1267289464,0
F1721AFD-5ECD-459B-AF78-859BEF5FE6AA,0
F1773C0E-6388-44FC-B9CE-B358F1AA5A38,1
F1A10A18-54AD-4000-9359-83BFC1620A6B,0
F1A53220-2079-4F0C-8581-1AEC8B6CBFA5,0
F1B0EE27-A581-4CA8-9E75-E0AD04EF6468,0
F1B21A07-3BFF-4536-BDE1-4B7783643608,0
F1B3B929-4DBC-4D8F-B4C9-CC811531AD2F,0
F1B3F8AC-716D-4AB6-96A3-2E1433669FD0,0
F1B65328-51C5-46F0-96F5-1AA5D510676B,1
F1FF130E-2EB0-4518-AF8F-AFA3C25A0AA9,1
F1FF7488-1B61-4E12-99BA-6CB5E3134430,1
F204500D-F18A-4496-AE32-60A3BDDB0D1C,0
F20943D7-6E54-4ECA-8E15-F4E5AF906B31,0
F237E765-F9F1-4301-9F38-9CE1A622B11D,1
F23B389D-5C85-471D-B297-6F447D9AF1AC,1
F25CE735-642B-4BB1-BBE5-83A3685C2A10,0
F26DBF01-003A-44EC-9D32-71BC4A5CE411,0
F2774C7E-F266-419A-9776-F2738022AE16,0
F29C6CAC-4501-4A90-8C42-72175665FEA5,1
F2E9E3FA-9641-4706-998C-0890291F6480,1
F323C5B8-E9F4-4CCC-B27A-FCE8DD17F97A,0
F327B869-F002-49CC-959C-63314BE33755,0
F33227A9-BE2F-4059-9831-C272E6DD7B17,0
F336A17D-CA1E-4CD2-9A4E-14FCEA6B75F2,0
F33BF694-E69D-4A60-9708-0146DEC6A2F2,0
F346A78B-83B0-42DE-8F77-53074CFD9332,0
F34CA473-F644-45DC-8F86-2DFAE26C3563,0
F37C652D-6C3C-4941-B038-101504969454,1
F381A4F8-7EA5-4F9E-A97B-CFDE34B2937B,1
F38ED0D7-9EDE-4CF3-8513-BC1AFFAA6FF8,0
F3B2AD85-E29C-4E4A-9A90-95466BD6B1A8,0
F3BB2F83-6179-4038-A049-336002589242,0
F3C281CD-D93E-41D2-8661-4DD312985AEA,0
F3D88E3E-3B3D-4BB5-9915-E4ED02DCA34A,0
F4183CDD-14AE-4456-A32A-6D7194C65024,0
F4333E03-40FB-455F-A125-7CB7CE292985,0
F4460284-6E6C-4EA4-8BF4-F343322E0DE7,1
F452708F-6C59-4F5B-B0D6-3AD16B423275,0
F45D0211-D583-4EC1-A859-EAD98DF05D0A,0
F466FF60-C47E-43FC-ABD3-7654599F1D45,0
F46C403B-E907-4A38-A6E8-4C51A65D6834,0
F48DAEAF-26EB-49F2-9037-2FBA7AA93EF2,1
F4A1C036-1CF8-49E9-BA67-0FB99273EC7F,1
F4B0A43E-554C-4536-84E0-D61828A17C49,0
F4C32D30-4FB7-4141-BBA2-657E9A86D02C,0
F4D1F98F-0D5F-4A9B-87AB-1367E8767263,1
F4D66C0A-23BC-47C9-9565-5694320205E0,0
F5109D0D-C6EA-43DA-BDC7-B0895163FFC4,0
F517692D-FD6E-4F49-8503-E6C4FC0DF8FE,0
F517BBFB-65CF-483C-888A-A041344A52FC,0
F5221CC2-7F07-48C3-AA03-36C35326BFCC,0
F532F5A2-3968-4394-A693-FAC43B56838F,1
F534D7B6-0445-46BD-B2CE-6FD00AD96A72,0
F53BC152-2C08-413D-9A64-F26F352CBA5C,1
F565D08C-255D-4152-A2CC-5A8D776BBEBD,0
F57E4DFD-25A4-455A-9AF9-8C016358C253,0
F58F373D-A47C-477E-80E2-CA7A16FF0E6A,1
F5964536-3673-4F8D-9725-2D020D6A0B45,0
F5A80816-E82B-4F22-9884-6BB5402E74CA,0
F5A9EEFC-EE9F-450D-AE42-C21312B6D8F9,1
F5C68E5D-7B8D-4924-A370-7D842E4921D9,1
F5EBD9EC-E3B9-49BF-9B7B-64E1DB518E85,0
F62C6BDF-35E2-43F3-8717-603DF460EB9F,0
F63A8DE1-2AB6-4689-BF94-00C71E333E23,0
F63C49F4-7409-48FD-A6A7-3F375168CEA0,0
F63E76D5-5677-4556-B649-3A75A57352FD,1
F64A2186-3EC2-4244-A732-EEB024C21CEF,0
F687C14F-E98F-4632-AF58-AFD8D32DAAD9,0
F6A328BA-CF19-4C73-A7B4-03E242C76324,0
F6A5BF23-7F22-419C-8DE1-2FDD34F46A11,1
F6A9B97A-6747-4CBF-AD54-EC337D470E7D,1
F6BA7E0E-1F3E-460F-B73A-337791F2D21D,0
F6D9043B-B0BA-47A5-895C-29D344B62D91,1
F6EB6DFA-7FA2-48DD-93B1-CB7E724507ED,1
F6F1E00D-6671-4C1D-8890-73D0C4059080,0
F7421C79-DBE2-4DE0-89B0-443EFB7546CA,1
F74CA6E0-6A07-448C-9035-E53CAE470CE0,0
F7C228CB-AC86-40A2-BC9C-C643CC2B5CC5,0
F7C5163C-4CC9-467C-952C-570347181F07,0
F7CB2A7B-0734-47A9-A36A-442B64163AFE,1
F7DB2237-12F0-4A7D-8C13-2A45DAE1128C,0
F7DF3B3B-84CC-448A-9EA3-AC5F982338F4,0
F7E00865-A005-475C-89AC-57B393BA22BB,1
F801C9E4-81EF-488C-9506-556EA52C259E,1
F80FC3CD-BADA-4C09-A6AF-4CEC65DA01C1,1
F8177A6C-E674-4304-BB75-8276D673DCC3,1
F81D0B2C-B075-4D44-93AA-25D5E7A86F2A,1
F82353CD-7D59-4588-BFDD-F459B96F3306,1
F82A70C3-290C-4307-BF08-224DA9C0184A,1
F83C191B-BE7B-4B2C-B804-79AD73D458B5,0
F8456B30-E082-4A00-9A1A-338ED1EFC368,1
F8574E7C-D4B3-4849-AF7E-BEE8DBCC3F7B,0
F862C0CD-A977-433B-B923-D168FC5ABCE9,1
F8A4D822-3BD5-4E44-ABF0-57A5BEC3D3B2,1
F8C34318-F875-435A-83BD-EAE476EE914E,1
F8F1B7E9-D63C-47BA-8086-2EC894D9ADF7,1
F8F894FE-B62E-43A0-A0B2-DB073E63435E,0
F904A30D-3E9F-4176-AA7F-7FA498CF3C52,1
F904CA54-C104-4986-B58E-AB8CFD449996,0
F90D2A8F-10B1-4348-83A4-66A41D82BBDC,0
F91782B4-9328-4770-B121-24E36228AB1B,0
F9664E82-A593-4E65-8653-C16C8F24603B,1
F969D457-B8C8-4DBD-8450-D7CA46541AF1,0
F97D4F04-5782-4E20-B532-6EBDDAB4BA0B,0
F988F80D-5B25-4809-8613-312A8754C29C,1
F9A74229-6EB6-4A00-B579-322DB21CF683,1
F9A7558F-830E-4BDF-A933-B364C8502EBF,0
F9D4FA0C-A461-40EA-A3D0-D03630058979,1
FA05AF84-0F40-466D-803F-E7E410715649,0
FA3982A8-3DB8-4311-B121-4E0B099599BD,0
FA44905D-FE26-4EB8-9E3B-15A4B4EE473C,0
FA460C69-5BF6-4450-AAEE-130B8AD6B463,0
FA5615D5-ECF5-44DA-A8E7-BBC52A90C324,1
FA5A0C64-3B57-4741-84B5-E588C9D36F92,1
FA6EB27F-7C40-476D-A1B3-FE7892E40557,0
FA88E7AD-11E1-4B8F-9E38-16F4744A534D,1
FAA21E9A-96B7-4BE3-8BAB-F7932B14A4C8,0
FAA6505C-A972-49A2-A379-CE03ACBBD965,1
FAB07D55-A9EC-4C94-9526-A0E500DE3DDB,1
FAB71E80-2F53-407D-8981-D3497A7F1A97,0
FADAD9D9-A767-4229-9A55-04A5BD6FA836,1
FADB99D9-DAEA-4D19-A440-FEFC354CE8B3,0
FAEF4DBF-BB5A-4377-85E5-49F662F6F929,0
FAF0625D-15E3-458B-9A51-A2EAF9C75BE4,0
FAF1B9F5-4288-48B6-9C33-C7E1F289AB63,1
FAF21A8C-84CA-4084-BF80-C51FA9346C57,0
FB172ACC-DC65-448F-ABFF-D4D91BABCC7E,0
FB1E5BA4-8E73-42E7-81BA-034A861FE39D,1
FB1E9538-9EEA-4F3B-96B8-B02713A8B6BB,1
FB3F5976-2467-428D-B254-7A8EC5A0DEC1,0
FB4B1EDA-FD22-4697-BB36-AC1692CFB91D,1
FB4B2784-E648-4779-9EC4-FBAF5E1819E6,0
FB5D155C-C9E3-4A53-9773-3663C04F0560,1
FB7F9C75-5927-404B-A68B-841C6BEECE41,1
FBBC4D62-FE5D-45A3-A832-D2454F972CBD,0
FBE51BA7-FF63-48D9-A712-90BACA19850C,0
FBF24FFB-696D-490D-8C89-509D2F06268B,1
FBFE65C8-12AF-4258-8CAE-5C2D5D02DBE6,0
FC02DA75-8C3C-4E55-A4D4-0673ECEBBEBC,1
FC2D614D-CC7A-4AC9-B338-95064B823A29,0
FC4591E2-8B46-4D8F-BE49-A5CD89BE848A,0
FC630D6F-D4EE-4865-BB12-65F5AA5EF9A0,0
FC6EC2BB-907A-4C2E-9514-F514D2737373,0
FC85307D-6AEC-403C-8D42-55A215BAC281,1
FCA4EBFD-1A7E-44FC-BE6E-0A93146A9922,0
FCA5AD8B-ADC5-4FE6-A6AF-207FCFEC8AA0,0
FCAC1FFF-747C-41F9-BCB1-0654C6CA19D9,1
FCAF1673-C8D0-4FAB-AA49-B7F3F3CB2BC0,0
FCB6D5E8-DC69-4730-93C4-C1E8815169D1,1
FCB7E540-B78B-4BAF-AD43-D7AED7CD309C,0
FCC24862-0ED2-4E09-A97C-6E94A3B0FECD,0
FCC70BEE-09DA-42A0-BC6F-B0EA332CE1E5,0
FCD53C90-F532-45A4-9781-54878BC59BC0,0
FCD88F2B-4C91-40C6-BDEB-F43912D79D98,1
FCEAE32A-FA99-42A7-92E6-01C3CD7FBCD0,0
FCF14D7A-142D-4DE5-9961-2AB545C81495,1
FCFE4E08-A898-458F-892A-A95B78C9D860,1
FD133D0F-CE49-4FE8-9B17-6093196C62DA,1
FD18E05D-0D12-4DB7-9467-07082896503A,0
FD22CBC8-5E05-4631-B2C0-287150685DB9,1
FD31D133-649F-4F2F-A96A-5225CDA6A321,0
FD3683EE-44BA-45CC-B413-E3E176813105,1
FD463AEF-6533-4AD4-9729-28C03642BD5C,0
FD498277-3241-4175-B6FE-C6B33BACE67F,0
FD4CA550-2912-412F-B58E-9BA8D1B97D15,0
FD518C1B-AEBB-4532-B3EF-3C0A7A9B2B30,0
FD647B9B-EC7D-4A43-A7B5-8DEE5CADA6E1,1
FD865A0A-C5DA-43D4-BE1A-B3B81FDA859A,0
FD91498F-7EAD-42D5-83E5-2098E8E316CE,1
FDCE0E63-D066-4549-B079-DEEE56B6E20D,1
FDCF8ADD-B72E-44B8-B12E-4DFC35D7E579,0
FDD838EE-E58D-4E1B-8B66-5A96BA13D0CF,1
FDEBCDEF-EC35-48D6-A267-4AD96F39FFFD,0
FE062DDB-3D67-436B-BBF1-FCB5178CB54E,1
FE10DDEE-6EA9-4D6A-99B3-B95337306C82,0
FE14E94F-5756-41E2-9D08-BCB44CFC71AF,0
FE25AC26-4BEE-4E04-B578-2B6B52B9F93D,1
FE2C126A-4413-4DB7-B892-61DCDCB5D26B,0
FE3191B1-EB49-4467-9821-ADBB76C95477,1
FE4E2BE7-7243-4BA0-B3F2-E7D7CA9A2D60,0
FE51CF4B-0A77-43C3-B7E8-C298B9F0C66B,1
FE56607A-7EC1-41AB-8217-6065EF107514,0
FE805485-36BA-473F-9885-1736E718D48E,1
FE9430A3-C62D-43FA-BE0D-9DDC4D36756D,1
FE961D7B-2285-454A-B16E-959840932954,1
FEA49520-0833-44EC-A3F9-C96760B43FFD,0
FEBE4975-2553-4FA6-A803-16923163DA66,1
FECABB35-70CF-48E6-9CEF-A026B8CEBBD3,0
FEDC30E7-001C-4544-8228-4F0961552C18,1
FEDCC5AE-980E-4ABF-BADD-06E518AA0CF8,1
FEF5D18C-7F40-49B3-BE45-0BC6A9761F15,1
FEF817C9-C964-4FE9-B606-E97121EE60B5,1
FEF860A9-0511-4E8F-8C7F-D17FF8FA9F36,0
FF0E6677-355E-45B4-8362-687141FE1D7E,1
FF18B42A-2224-4089-B2E9-3CC7C54250B3,1
FF26F293-7136-4366-8A59-00B52E9AB10A,0
FF33D6BC-3D54-41B3-BF09-7C0B29127DEE,0
FF35DA83-3DB9-4027-8B66-C6219947AEE8,0
FF6449D2-78CB-47C8-BF9D-12E2D68AE3B0,0
FF7D0FA6-1AFF-4642-BBCE-EF2EF9CCE58B,0
FF865996-433C-4D36-97B5-295D501C8D96,1
FFAB07BC-E48A-4CB3-B252-1DC4EAC9A066,0
FFBF66CA-BF4F-467D-9A13-43C804A98A31,1
FFC1A679-729B-4426-97D3-9D35DF6622BE,1
